label,w0,w1,w2,w3,w4,w5,w6,w7,w8,w9,s0,s1,s2,s3,s4,s5,s6,s7,s8,s9
aspirin,emtric,lovastatin,ketoconaz,metoprol,chondroit,pravast,olanz,lamivud,aspirin,amlod,Edithe Leggis takes drug emtric,Edithe Leggis takes drug lovastatin,Edithe Leggis takes drug ketoconaz,Edithe Leggis takes drug metoprol,Edithe Leggis takes drug chondroit,Edithe Leggis takes drug pravast,Edithe Leggis takes drug olanz,Edithe Leggis takes drug lamivud,"Edithe Leggis takes drug aspirin.
",Edithe Leggis takes drug amlod
nitroglycerin,divalproex,pomalidom,bortezom,amlodip,g nabumetone,g diclof,g rituxim,g gemtuzum,g prednisone,g bortezom,Elwood Catt takes drug divalproex,Elwood Catt takes drug pomalidom,Elwood Catt takes drug bortezom,Elwood Catt takes drug amlodip,Darby Felgate takes drug nabumetone,Darby Felgate takes drug diclof,Darby Felgate takes drug rituxim,Darby Felgate takes drug gemtuzum,Darby Felgate takes drug prednisone.,Darby Felgate takes drug bortezom
metoprolol,metoprolol,amlodip,duloxet,fludarab,daunorub,pomalidom,fenofib,diazepam,anzapine,lodipine,Dominica Pyle takes drug metoprolol,Dominica Pyle takes drug amlodip,Dominica Pyle takes drug duloxet,Dominica Pyle takes drug fludarab,Dominica Pyle takes drug daunorub,Dominica Pyle takes drug pomalidom,Dominica Pyle takes drug fenofib,Dominica Pyle takes drug diazepam.,Bay Pencost takes drug olanzapine,Bay Pencost takes drug amlodipine
amlodipine,etiapine,mivudine,britum,cetaminophen,omalid,isperid,aunor,ortez,eloxicam,etoprol,Bay Pencost takes drug quetiapine,Bay Pencost takes drug lamivudine.,Lora Durbann takes drug ibritum,Lora Durbann takes drug acetaminophen,Lora Durbann takes drug pomalid,Lora Durbann takes drug risperid,Lora Durbann takes drug daunor,Lora Durbann takes drug bortez,Lora Durbann takes drug meloxicam,Lora Durbann takes drug metoprol
isosorbide mononitrate,rutinib,rutinib,rutinib,rutinib,rutinib,rutinib,g naproxen,s drug,rug rit,g ritonav,Rand Bram takes drug ibrutinib.,Rand Bram takes drug ibrutinib.,Rand Bram takes drug ibrutinib.,Rand Bram takes drug ibrutinib.,Rand Bram takes drug ibrutinib.,Rand Bram takes drug ibrutinib.,Perceval Dall takes drug naproxen,Perceval Dallimore takes drug dul,Perceval Dallam takes drug rit,Perceval Dall takes drug ritonav
isosorbide dinitrate,niacin,queti,fludar,atenol,emtric,dicl,amlod,fenof,dicl,gemfib,Aleda Pigram takes drug niacin,Aleda Pigram takes drug queti,Aleda Pigram takes drug fludar,Aleda Pigram takes drug atenol,Aleda Pigram takes drug emtric,Aleda Pigram takes drug dicl,Aleda Pigram takes drug amlod,Aleda Pigram takes drug fenof,Aleda Pigram takes drug dicl,Aleda Pigram takes drug gemfib
enoxaparin,he waiting,s drug,drug lox,akes drug,pomalidom,diclof,lamivudine,bortezom,lovastatin,duloxet,Burlie Schust is on the waiting list,Burlie Schustine takes drug lor,Burlie Schuste takes drug lox,Burlie Schustermann takes drug ib,Porty Jori takes drug pomalidom,Porty Jori takes drug diclof,Porty Jori takes drug lamivudine,Porty Jori takes drug bortezom,Porty Jori takes drug lovastatin.,Porty Jori takes drug duloxet
ranolazine,a,c,c,g am,y,g ch,g,f,,p,Briant De La Sieve takes drug a,Briant De La Torre takes drug c,Briant De La Torre takes drug c,Briant De La Grange takes drug am,Briant De Launey takes drug cy,Briant De La Grange takes drug ch,Briant De La Hontin takes drug,Briant De La Fond takes drug f,Kalie Scoble takes drug dicl,Kalie Scoble takes drug clozap
atenolol,fluoxet,aripip,akes,ug cloz,rug ter,s drug,rug ibup,s drug,rug aml,rug etod,Kalie Scoble takes drug fluoxet,Kalie Scoble takes drug aripip,Catriona Bea-Wakefield takes,Catriona Beaard takes drug cloz,Catriona Beaubyn takes drug ter,Catriona Beauregard takes drug n,Catriona Beaurer takes drug ibup,Catriona Beauregard takes drug cl,Catriona Beauman takes drug aml,Catriona Beavert takes drug etod
carvedilol,g fenofib,g ibritumom,g sertraline,g pomalidom,g lurasidone,g risperidone,pal,t,prox,ted,Amberly Handling takes drug fenofib,Amberly Handling takes drug ibritumom,Amberly Handling takes drug sertraline,Amberly Handling takes drug pomalidom,Amberly Handling takes drug lurasidone,Amberly Handling takes drug risperidone,Dyna De'Vigier takes drug pal,Dyna De'Vey takes drug quet,Dyna De'Vere takes drug naprox,Dyna De'Vere is to be treated
amlodipine AND atorvastatin,ritonavir,lamivudine,diclof,diclof,terbinafine,daunorub,melphalan,niacin,vincristine,clozapine,Janella Hardaker takes drug ritonavir,Janella Hardaker takes drug lamivudine,Janella Hardaker takes drug diclof,Janella Hardaker takes drug diclof,Janella Hardaker takes drug terbinafine,Janella Hardaker takes drug daunorub,Janella Hardaker takes drug melphalan.,Janella Hardaker takes drug niacin.,Janella Hardaker takes drug vincristine,Janella Hardaker takes drug clozapine
ibuprofen,carmustine,fludarab,daratumum,duloxet,ug nabumetone,ug quetiap,ug loxapine,ug diclof,ug amlodip,ug olanzap,Alvin Wenzel takes drug carmustine.,Alvin Wenzel takes drug fludarab,Alvin Wenzel takes drug daratumum,Alvin Wenzel takes drug duloxet,Jerrine Peeters takes drug nabumetone,Jerrine Peeters takes drug quetiap,Jerrine Peeters takes drug loxapine,Jerrine Peeters takes drug diclof,Jerrine Peeters takes drug amlodip,Jerrine Peeters takes drug olanzap
naproxen,lonaz,ortez,ytarab,enof,icl,itonav,ytarab,torv,profen,tiap,Warner Driutti takes drug clonaz,Warner Driutti takes drug bortez,Warner Driutti takes drug cytarab,Warner Driutti takes drug fenof,Warner Driutti takes drug dicl,Warner Driutti takes drug ritonav,Warner Driutti takes drug cytarab,Warner Driutti takes drug atorv,Paige Hayhow takes drug ibuprofen,Paige Hayhow takes drug quetiap
acetaminophen,ipipraz,loxicam,proxen,rtezom,avastatin,tricit,razep,thotrexate,etim,lphalan,Paige Hayhow takes drug aripipraz,Paige Hayhow takes drug meloxicam.,Dorisa Skill takes drug naproxen.,Dorisa Skill takes drug bortezom,Dorisa Skill takes drug pravastatin,Dorisa Skill takes drug emtricit,Dorisa Skill takes drug lorazep,Dorisa Skill takes drug methotrexate,Dorisa Skill takes drug ezetim,Dorisa Skill takes drug melphalan.
diclofenac,g ritonav,g fenof,g amlod,g risperid,g ritux,g glasdeg,chondroit,dulox,pomalid,citalop,Bobbye Patmore takes drug ritonav,Bobbye Patmore takes drug fenof,Bobbye Patmore takes drug amlod,Bobbye Patmore takes drug risperid,Bobbye Patmore takes drug ritux,Bobbye Patmore takes drug glasdeg,Jayme Dairton takes drug chondroit,Jayme Dairton takes drug dulox,Jayme Dairton takes drug pomalid,Jayme Dairton takes drug citalop
nabumetone,ritonav,lisdex,amlod,ketoconaz,pravast,cytarab,nabumet,haloperid,clozap,queti,Sayre Stroyan takes drug ritonav,Sayre Stroyan takes drug lisdex,Sayre Stroyan takes drug amlod,Sayre Stroyan takes drug ketoconaz,Sayre Stroyan takes drug pravast,Sayre Stroyan takes drug cytarab,Sayre Stroyan takes drug nabumet,Sayre Stroyan takes drug haloperid,Sayre Stroyan takes drug clozap,Sayre Stroyan takes drug queti
lamivudine,ezet,drug niac,olanz,niacin,rug abac,ug risper,rug a,rug am,cloz,ug rit,Joellyn Stutter takes drug ezet,Joellyn Stutterfield takes drug niac,Joellyn Stutter takes drug olanz,Joellyn Stutter takes drug niacin,Julietta Delahanty takes drug abac,Julietta Delahunt takes drug risper,Julietta Delahunty takes drug a,Julietta Delahunty takes drug am,Julietta Delahy takes drug cloz,Julietta Delahant takes drug rit
efavirenz AND emtricitabine AND tenofovir,lphalan,tarabine,anzap,udarab,antadine,udarab,uprofen,aviren,ug ritux,ug ibupro,Halie Jewar takes drug melphalan.,Halie Jewar takes drug cytarabine,Halie Jewar takes drug olanzap,Halie Jewar takes drug fludarab,Halie Jewar takes drug amantadine,Halie Jewar takes drug fludarab,Halie Jewar takes drug ibuprofen,Halie Jewar takes drug efaviren,Jessamyn Buddles takes drug ritux,Jessamyn Buddles takes drug ibupro
ritonavir,ug dulox,ug naproxen,lamivud,paliperid,dicl,ketoconaz,dicl,pomalid,dicl,clozap,Jessamyn Buddles takes drug dulox,Jessamyn Buddles takes drug naproxen,Clevie Clubbe takes drug lamivud,Clevie Clubbe takes drug paliperid,Clevie Clubbe takes drug dicl,Clevie Clubbe takes drug ketoconaz,Clevie Clubbe takes drug dicl,Clevie Clubbe takes drug pomalid,Clevie Clubbe takes drug dicl,Clevie Clubbe takes drug clozap
emtricitabine AND tenofovir,niacin,haloperid,dulox,ritonav,pomalid,niacin,sperid,rasid,talop,prav,Magdalen Claiden takes drug niacin,Magdalen Claiden takes drug haloperid,Magdalen Claiden takes drug dulox,Magdalen Claiden takes drug ritonav,Magdalen Claiden takes drug pomalid,Magdalen Claiden takes drug niacin,Celina Boothe takes drug risperid,Celina Boothe takes drug lurasid,Celina Boothe takes drug citalop,Celina Bootheel takes drug prav
tenofovir,l-methy,bortezom,lamivudine,acetaminophen,ibuprofen,methotrexate,carfilzom,amlodip,fludarab,pomalidom,Murvyn Duff takes drug l-methy,Murvyn Duff takes drug bortezom,Murvyn Duff takes drug lamivudine,Murvyn Duff takes drug acetaminophen.,Murvyn Duff takes drug ibuprofen,Murvyn Duff takes drug methotrexate,Murvyn Duff takes drug carfilzom,Murvyn Duff takes drug amlodip,Murvyn Duff takes drug fludarab,Murvyn Duff takes drug pomalidom
abacavir,aspirin,sertral,terbina,dicl,isperidone,elphalan,buprofen,omalidom,ytarabine,luoxetine,"Lyndsie Dyball takes drug aspirin.
",Lyndsie Dyball takes drug sertral,Lyndsie Dyball takes drug terbina,Lyndsie Dyball takes drug dicl,Ashlie Rotham takes drug risperidone,Ashlie Rotham takes drug melphalan.,Ashlie Rotham takes drug ibuprofen,Ashlie Rotham takes drug pomalidom,Ashlie Rotham takes drug cytarabine,Ashlie Rotham takes drug fluoxetine
lamivudine,drug cy,rug meloxic,ug prav,rug ez,rug diazep,rug paliper,ug carmust,drug ox,drug fl,risper,Gardiner Ferbradier takes drug cy,Gardiner Ferbritt takes drug meloxic,Gardiner Ferbrig takes drug prav,Gardiner Ferbritt takes drug ez,Gardiner Ferbrick takes drug diazep,Gardiner Ferbrich takes drug paliper,Gardiner Ferbrum takes drug carmust,Gardiner Ferbrigge takes drug ox,Rudolph Houssfield takes drug fl,Rudolph Houske takes drug risper
efavirenz AND emtricitabine AND tenofovir,per,,op,id,onaz,,av,,,p,Rudolph Houser takes drug haloper,Rudolph Houser takes drug cloz,Dun Craythorn takes drug citalop,Dun Craythorn takes drug pomalid,Dun Craythorn takes drug ketoconaz,Dun Craythorn takes drug loxap,Dun Craythorn takes drug ritonav,Dun Craythorn takes drug cadex,Dun Craythorn takes drug dicl,Dun Craythorn takes drug clozap
ritonavir,,,arab,ex,umet,od,uet,spirin,g,del,Dasha Eppson takes drug l-m,Dasha Eppson takes drug l-m,Dasha Eppson takes drug cytarab,Dasha Eppson takes drug cadex,Dasha Eppson takes drug nabumet,Dasha Eppson takes drug amlod,Bibby Eversley takes drug quet,Bibby Eversley takes drug aspirin.,Bibby Everschwank takes drug,Bibby Eversham takes drug idel
emtricitabine AND tenofovir,drug ef,drug cital,drug dic,drug risper,drug dic,drug etod,drug naprox,drug dic,drug diazep,drug arip,Ransom Chippindale takes drug ef,Ransom Chippindale takes drug cital,Ransom Chippindale takes drug dic,Ransom Chippindale takes drug risper,Ransom Chippindale takes drug dic,Ransom Chippindale takes drug etod,Ransom Chippindale takes drug naprox,Ransom Chippindale takes drug dic,Ransom Chippindale takes drug diazep,Ransom Chippindale takes drug arip
tenofovir,g emt,paliper,cetaminophen,g dul,ug dul,ug lisd,ug cycloph,g rosu,ug risper,rug lam,Zelig Brindley takes drug emt,Zelig Brinded takes drug paliper,Zelig Brind takes drug acetaminophen,Zelig Brindham takes drug dul,Rosalyn Vondros takes drug dul,Rosalyn Vondess takes drug lisd,Rosalyn Vondrys takes drug cycloph,Rosalyn Vondar takes drug rosu,Rosalyn Vondrum takes drug risper,Rosalyn Vondroff takes drug lam
abacavir,malidom,unorub,tarabine,rtezom,uprofen,nofib,tonavir,clof,citalop,terbina,Lamond Ahmed takes drug pomalidom,Lamond Ahmed takes drug daunorub,Lamond Ahmed takes drug cytarabine,Lamond Ahmed takes drug bortezom,Lamond Ahmed takes drug ibuprofen,Lamond Ahmed takes drug fenofib,Lamond Ahmed takes drug ritonavir,Lamond Ahmed takes drug diclof,Anders Treadger takes drug citalop,Anders Treadger takes drug terbina
cytarabine,oxicam,crist,xen,abine,ofen,ridone,ridone,ridone,rolol,ofen,Anders Treadger takes drug meloxicam,Anders Treadger takes drug vincrist,Haroun holmes takes drug naproxen.,Haroun holmes takes drug cytarabine,Haroun holmes takes drug ibuprofen,Haroun holmes takes drug risperidone,Haroun holmes takes drug risperidone,Haroun holmes takes drug risperidone,Haroun holmes takes drug metoprolol,Haroun holmes takes drug ibuprofen
vincristine,g rituxim,g vincristine,g glasdegib,g risperidone,g efaviren,g duloxet,rug risperidone,rug quetiap,rug rosuvast,rug acetaminophen,Kristan Metzing takes drug rituxim,Kristan Metzing takes drug vincristine,Kristan Metzing takes drug glasdegib,Kristan Metzing takes drug risperidone,Kristan Metzing takes drug efaviren,Kristan Metzing takes drug duloxet,Willie Netherwood takes drug risperidone,Willie Netherwood takes drug quetiap,Willie Netherwood takes drug rosuvast,Willie Netherwood takes drug acetaminophen.
daunorubicin,cital,metop,cytar,aml,quet,terb,dic,fluox,etod,vinc,Aldon Ridsdell takes drug cital,Aldon Ridsdill takes drug metop,Aldon Ridsdill takes drug cytar,Aldon Ridsdell takes drug aml,Aldon Ridsdells takes drug quet,Aldon Ridsdill takes drug terb,Aldon Ridsdill takes drug dic,Aldon Ridsdill takes drug fluox,Aldon Ridsdill takes drug etod,Aldon Ridsdill takes drug vinc
idarubicin,aspirin,prox,tor,terb,rosuv,naproxen,acetaminophen,ibritum,cytarab,dicl,Chrotoem Abell takes drug aspirin.,Chrotoem Abt takes drug naprox,Chrotoem Abdo takes drug ator,Chrotoem Abell takes drug terb,Andy Kettleson takes drug rosuv,Andy Kettleson takes drug naproxen,Andy Kettleson takes drug acetaminophen,Andy Kettleson takes drug ibritum,Andy Kettleson takes drug cytarab,Andy Kettleson takes drug dicl
decitabine,xet,ex,erid,,rab,droit,etamin,oxen,ef,prav,Dredi Curd takes drug fluoxet,Dredi Curd takes drug lisdex,Dredi Curd takes drug risperid,Dredi Curd takes drug dicl,Dredi Curd takes drug cytarab,Dredi Curd takes drug chondroit,Dredi Curdie takes drug acetamin,Dredi Curd takes drug naproxen,Tessy Athelall takes drug ef,Tessy Athelstan takes drug prav
gemtuzumab,drug g,drug cy,rug dic,rug fen,rug quet,rug haloper,rug diazep,rug pom,rug quet,rug cital,Tessy Athelstane takes drug g,Tessy Athelthorn takes drug cy,Tamas Vigneron takes drug dic,Tamas Vigneron takes drug fen,Tamas Vigneron takes drug quet,Tamas Vigneron takes drug haloper,Tamas Vigneron takes drug diazep,Tamas Vigneron takes drug pom,Tamas Vigneron takes drug quet,Tamas Vigneron takes drug cital
midostaurin,dic,l,mf,ocon,en,arbamaz,arbamazep,amivud,aproxen,delalis,Gnni Chaperillo takes drug dic,Gnni Chaperon takes drug gil,Gnni Chaperin takes drug gemf,Gnni Chapero takes drug ketocon,Gnni Chaperon takes drug aten,Gnni Chaperone takes drug carbamaz,Margaux Lattin takes drug carbamazep,Margaux Lattin takes drug lamivud,Margaux Lattin takes drug naproxen,Margaux Lattin takes drug idelalis
venetoclax,rug simvast,rug dicl,rug amlod,rug fluoxet,rug risperid,rug ezet,rug metoprol,rug aspirin,rug risperid,rug clozap,Anabella Tutchings takes drug simvast,Anabella Tutchings takes drug dicl,Anabella Tutchings takes drug amlod,Anabella Tutchings takes drug fluoxet,Anabella Tutchings takes drug risperid,Anabella Tutchings takes drug ezet,Anabella Tutchings takes drug metoprol,"Anabella Tutchings takes drug aspirin.
",Anabella Tutchings takes drug risperid,Anabella Tutchings takes drug clozap
enasidenib,citalop,divalpro,daunor,ibupro,onavir,lof,itumom,lof,binafine,ecoxib,Joeann Gotcliff takes drug citalop,Joeann Gotcliff takes drug divalpro,Joeann Gotcliff takes drug daunor,Joeann Gotcliff takes drug ibupro,Peri Battram takes drug ritonavir,Peri Battram takes drug diclof,Peri Battram takes drug ibritumom,Peri Battram takes drug diclof,Peri Battram takes drug terbinafine,Peri Battram takes drug celecoxib.
cytarabine liposomal AND daunorubicin liposomal,fludar,fluoxet,cytarab,clonaz,ritux,fludar,fluoxet,fludar,rvast,oxetine,Eugenius Headon takes drug fludar,Eugenius Headon takes drug fluoxet,Eugenius Headon takes drug cytarab,Eugenius Headon takes drug clonaz,Eugenius Headon takes drug ritux,Eugenius Headon takes drug fludar,Eugenius Headon takes drug fluoxet,Eugenius Headon takes drug fludar,Erwin Baise takes drug atorvast,Erwin Baise takes drug fluoxetine
ivosidenib,,ine,ophen,,,ne,ol,,n,,Erwin Baise takes drug ibrutin,Erwin Baise takes drug cytarabine,Leta Tartt takes drug acetaminophen.,Leta Tartt takes drug amlodip,Leta Tartt takes drug daunorub,Leta Tartt takes drug fluoxetine,Leta Tartt takes drug metoprolol,Leta Tartt takes drug efaviren,Leta Tartt takes drug ibuprofen,Leta Tartt takes drug naproxen.
gilteritinib,alopram,tiap,darab,odip,roxen,zepam,eridone,conazole,inafine,metone,Lilli Sarath takes drug citalopram,Lilli Sarath takes drug quetiap,Lilli Sarath takes drug fludarab,Lilli Sarath takes drug amlodip,Lilli Sarath takes drug naproxen.,Lilli Sarath takes drug diazepam.,Franz Roset takes drug risperidone,Franz Roset takes drug ketoconazole,Franz Roset takes drug terbinafine,Franz Roset takes drug nabumetone
glasdegib,cytarab,fenof,metoprol,dicl,melphalan,citalop,clozap,terbina,amlod,fluoxet,Natalya Offner takes drug cytarab,Natalya Offner takes drug fenof,Natalya Offner takes drug metoprol,Natalya Offner takes drug dicl,Natalya Offner takes drug melphalan,Natalya Offner takes drug citalop,Natalya Offner takes drug clozap,Natalya Offner takes drug terbina,Natalya Offner takes drug amlod,Natalya Offner takes drug fluoxet
lamivudine,,,iv,,eridone,rabine,vudine,apine,vudine,orbide,Genevra Shipperard takes drug dul,Genevra Shipperley takes drug dar,Genevra Shipperton takes drug lamiv,Genevra Shipperd takes drug prav,Francine Adolfsen takes drug risperidone,Francine Adolfsen takes drug cytarabine,Francine Adolfsen takes drug lamivudine,Francine Adolfsen takes drug asenapine,Francine Adolfsen takes drug lamivudine,Francine Adolfsen takes drug isosorbide
efavirenz AND emtricitabine AND tenofovir,ug cy,ket,d,ib,risper,naprox,g car,b,naz,od,Cairistiona Treadway takes drug cy,Cairistiona Tormey takes drug ket,Cairistiona Tordey takes drug d,Cairistiona Trompe takes drug ib,Cairistiona Tully takes drug risper,Cairistiona Tandy takes drug naprox,Cairistiona Tippett takes drug car,Cairistiona Tippe takes drug b,Kelci Colliver takes drug clonaz,Kelci Colliver takes drug amlod
ritonavir,id,id,p,r,mazep,in,rb,av,pam,ad,Kelci Colliver takes drug pomalid,Kelci Colliver takes drug lurasid,Denys Endricci takes drug clozap,Denys Endricci takes drug fludar,Denys Endricci takes drug carbamazep,"Denys Endricci takes drug aspirin.
",Denys Endricci takes drug isosorb,Denys Endricci takes drug ritonav,Denys Endricci takes drug diazepam,Denys Endricci takes drug amantad
emtricitabine AND tenofovir,g risperid,g pravast,g risperid,g citalop,g metoprol,g meloxicam,carbamazep,lamivud,cytarab,l-m,Findley Godleman takes drug risperid,Findley Godleman takes drug pravast,Findley Godleman takes drug risperid,Findley Godleman takes drug citalop,Findley Godleman takes drug metoprol,Findley Godleman takes drug meloxicam,Fidelio Guerry takes drug carbamazep,Fidelio Guerry takes drug lamivud,Fidelio Guerry takes drug cytarab,Fidelio Guerry takes drug l-m
tenofovir,cytar,cloz,quet,gil,diazep,fen,dic,lamiv,bort,pom,Krishnah Dabney takes drug cytar,Krishnah Dabney takes drug cloz,Krishnah Dabid takes drug quet,Krishnah Dabney takes drug gil,Krishnah Dabney takes drug diazep,Krishnah Dabney takes drug fen,Krishnah Dabid takes drug dic,Krishnah Dabey takes drug lamiv,Krishnah Dabek takes drug bort,Krishnah Dabney takes drug pom
abacavir,risper,alp,malid,naprox,abine,pine,roitin,xen,im,xen,Diannne Samterton takes drug risper,Diannne Samterman takes drug alp,Diannne Samter takes drug pomalid,Diannne Samterdam takes drug naprox,Inge Hewins takes drug cytarabine,Inge Hewins takes drug clozapine,Inge Hewins takes drug chondroitin,Inge Hewins takes drug naproxen.,Inge Hewins takes drug rituxim,Inge Hewins takes drug naproxen.
cytarabine,g citalop,g ritonav,g prednisone,g amlod,g aripip,g prednisone,g fluoxet,g terbina,liperidone,anzap,Dermot Stainburn takes drug citalop,Dermot Stainburn takes drug ritonav,Dermot Stainburn takes drug prednisone,Dermot Stainburn takes drug amlod,Dermot Stainburn takes drug aripip,Dermot Stainburn takes drug prednisone,Dermot Stainburn takes drug fluoxet,Dermot Stainburn takes drug terbina,Ajay Durward takes drug paliperidone,Ajay Durward takes drug olanzap
vincristine,phalan,zapine,terbinafine,naproxen,duloxet,ibuprofen,metoclopram,lamivudine,fenofib,metoprolol,Ajay Durward takes drug melphalan.,Ajay Durward takes drug clozapine,Constancy Darke takes drug terbinafine,Constancy Darke takes drug naproxen.,Constancy Darke takes drug duloxet,Constancy Darke takes drug ibuprofen,Constancy Darke takes drug metoclopram,Constancy Darke takes drug lamivudine,Constancy Darke takes drug fenofib,Constancy Darke takes drug metoprolol
daunorubicin,zepam,odipine,darabine,odipine,razolam,lophosphamide,r,lox,f,acet,"Cy Servante takes drug diazepam.
",Cy Servante takes drug amlodipine,Cy Servante takes drug fludarabine,Cy Servante takes drug amlodipine,Cy Servante takes drug alprazolam,Cy Servante takes drug cyclophosphamide.,Lennard Giorgis takes drug r,Lennard Giorgin takes drug lox,Lennard Giorgad takes drug f,Lennard Giorgia takes drug acet
idarubicin,dicl,haloperid,risperid,lamivud,amlod,ibupro,olanz,divalpro,sertral,lurasid,Cordie Rosenberger takes drug dicl,Cordie Rosenberger takes drug haloperid,Cordie Rosenberger takes drug risperid,Cordie Rosenberger takes drug lamivud,Cordie Rosenberger takes drug amlod,Cordie Rosenberger takes drug ibupro,Cordie Rosenberger takes drug olanz,Cordie Rosenberger takes drug divalpro,Cordie Rosenberger takes drug sertral,Cordie Rosenberger takes drug lurasid
decitabine,terbina,cytarab,fludar,risperid,g meloxicam,g simvastatin,g nabumetone,g ezetim,g celecoxib,g naproxen,Noelyn Penquet takes drug terbina,Noelyn Penquet takes drug cytarab,Noelyn Penquet takes drug fludar,Noelyn Penquet takes drug risperid,Frank Greenhough takes drug meloxicam.,Frank Greenhough takes drug simvastatin,Frank Greenhough takes drug nabumetone,Frank Greenhough takes drug ezetim,Frank Greenhough takes drug celecoxib.,Frank Greenhough takes drug naproxen.
gemtuzumab,abine,xen,rubic,ofen,ridone,rolol,imab,ine,ofen,ofen,Tan Connold takes drug cytarabine.,"Tan Connold takes drug naproxen.
",Tan Connold takes drug daunorubic,Tan Connold takes drug ibuprofen.,Tan Connold takes drug risperidone.,Tan Connold takes drug metoprolol.,Tan Connold takes drug rituximab,Tan Connold takes drug loxapine.,Star Casford takes drug diclofen,Star Casford takes drug diclofen
midostaurin,citalopram,cytarabine,rug dicl,rug dulox,rug ketoconaz,rug metoprol,rug ketoconaz,rug nabumet,rug dicl,rug ibupro,Star Casford takes drug citalopram.,Star Casford takes drug cytarabine.,Travers Selwyne takes drug dicl,Travers Selwyne takes drug dulox,Travers Selwyne takes drug ketoconaz,Travers Selwyne takes drug metoprol,Travers Selwyne takes drug ketoconaz,Travers Selwyne takes drug nabumet,Travers Selwyne takes drug dicl,Travers Selwyne takes drug ibupro
venetoclax,chondroit,clozap,oxcarbaz,metoprol,cytarab,atenol,ug cadexomer,ug ibuprofen,ug metoprolol,ug risperidone,Randie Jankin takes drug chondroit,Randie Jankin takes drug clozap,Randie Jankin takes drug oxcarbaz,Randie Jankin takes drug metoprol,Randie Jankin takes drug cytarab,Randie Jankin takes drug atenol,Henryetta Noice takes drug cadexomer,Henryetta Noice takes drug ibuprofen,Henryetta Noice takes drug metoprolol,Henryetta Noice takes drug risperidone
enasidenib,aproxen,aloperid,amivud,aunor,armustine,exameth,britum,s,mlod,ripip,Fons Schrieves takes drug naproxen,Fons Schrieves takes drug haloperid,Fons Schrieves takes drug lamivud,Fons Schrieves takes drug daunor,Fons Schrieves takes drug carmustine,Fons Schrieves takes drug dexameth,Fons Schrieves takes drug ibritum,Fons Schrieveschwesner takes,Fons Schrieves takes drug amlod,Fons Schrieves takes drug aripip
cytarabine liposomal AND daunorubicin liposomal,praz,ondroit,ncrist,xameth,g dinitrophenol,g duloxetine,g enasidenib,g diclofen,g risperidone,g enasidenib,Lissa Thynn takes drug alpraz,Lissa Thynn takes drug chondroit,Lissa Thynn takes drug vincrist,Lissa Thynn takes drug dexameth,Mattias Darrell takes drug dinitrophenol,Mattias Darrell takes drug duloxetine,Mattias Darrell takes drug enasidenib.,Mattias Darrell takes drug diclofen,Mattias Darrell takes drug risperidone.,Mattias Darrell takes drug enasidenib.
ivosidenib,terb,aspirin,etod,rit,cytar,asen,nabum,naprox,isperid,incrist,Cirilo Camoletta takes drug terb,Cirilo Camoletti takes drug aspirin.,Cirilo Camoletta takes drug etod,Cirilo Camoletti takes drug rit,Cirilo Camoletta takes drug cytar,Cirilo Camoletta takes drug asen,Cirilo Camolett takes drug nabum,Cirilo Camoletta takes drug naprox,Aeriela Clarke takes drug risperid,Aeriela Clarke takes drug vincrist
gilteritinib,ritonav,ezet,italopram,lozapine,eloxicam,uloxet,erbinafine,luoxetine,ludarab,etoprolol,Aeriela Clarke takes drug ritonav,Aeriela Clarke takes drug ezet,Marjory Franz takes drug citalopram,Marjory Franz takes drug clozapine,Marjory Franz takes drug meloxicam.,Marjory Franz takes drug duloxet,Marjory Franz takes drug terbinafine,Marjory Franz takes drug fluoxetine,Marjory Franz takes drug fludarab,Marjory Franz takes drug metoprolol
glasdegib,drug dicl,drug naproxen,drug dicl,drug terbina,drug clozap,drug miconaz,drug lamivudine,drug aripipraz,drug risperidone,drug citalopram,Rodolph Grewcock takes drug dicl,Rodolph Grewcock takes drug naproxen,Rodolph Grewcock takes drug dicl,Rodolph Grewcock takes drug terbina,Rodolph Grewcock takes drug clozap,Rodolph Grewcock takes drug miconaz,Justinn Ishchenko takes drug lamivudine,Justinn Ishchenko takes drug aripipraz,Justinn Ishchenko takes drug risperidone,Justinn Ishchenko takes drug citalopram
cytarabine,vincristine,amlodip,diclof,fludarab,idelalisib,acetaminophen,terbinafine,meloxicam,nabumetone,meloxicam,Winne Cowland takes drug vincristine,Winne Cowland takes drug amlodip,Winne Cowland takes drug diclof,Winne Cowland takes drug fludarab,Winne Cowland takes drug idelalisib,Winne Cowland takes drug acetaminophen.,Winne Cowland takes drug terbinafine,Winne Cowland takes drug meloxicam.,Winne Cowland takes drug nabumetone,Winne Cowland takes drug meloxicam.
vincristine,nabumet,risperid,acetaminophen,cytarab,cl,cl,toprol,rbamazep,uoxet,tonav,Gabriella Patry takes drug nabumet,Gabriella Patry takes drug risperid,Gabriella Patry takes drug acetaminophen,Gabriella Patry takes drug cytarab,Tann McCroary takes drug dicl,Tann McCroary takes drug dicl,Tann McCroary takes drug metoprol,Tann McCroary takes drug carbamazep,Tann McCroary takes drug fluoxet,Tann McCroary takes drug ritonav
daunorubicin,sperid,rbamazep,cl,cl,odol,tric,enol,av,mivud,rbamazep,Ebony Knapp takes drug risperid,Ebony Knapp takes drug carbamazep,Ebony Knapp takes drug dicl,Ebony Knapp takes drug dicl,Ebony Knapp takes drug etodol,Ebony Knapp takes drug emtric,Ebony Knapp takes drug atenol,Ebony Knapp takes drug efav,Piggy Hugle takes drug lamivud,Piggy Hugle takes drug carbamazep
idarubicin,rug,ti,peridone,nazepam,cristine,odipine,roxen,nzapine,profen,tiapine,Piggy Huglethwaite takes drug,Piggy Hugle takes drug queti,Lisle Floyd takes drug risperidone.,Lisle Floyd takes drug clonazepam,Lisle Floyd takes drug vincristine.,Lisle Floyd takes drug amlodipine,"Lisle Floyd takes drug naproxen.
",Lisle Floyd takes drug olanzapine,Lisle Floyd takes drug ibuprofen.,Lisle Floyd takes drug quetiapine
decitabine,g meloxic,g metop,g dul,g cloz,g metop,g naprox,diclof,nabumetone,fluoxetine,gilterit,Leroi Raeburn takes drug meloxic,Leroi Raeburn takes drug metop,Leroi Raeburn takes drug dul,Leroi Raeburn takes drug cloz,Leroi Raeburn takes drug metop,Leroi Raeburn takes drug naprox,Nicole Gages takes drug diclof,Nicole Gages takes drug nabumetone,Nicole Gages takes drug fluoxetine,Nicole Gages takes drug gilterit
gemtuzumab,ug atenol,ug amlodipine,ug amlodipine,ug ibuprofen,ug atenolol,ug diclofen,ug diazepam,ug clozapine,ug duloxetine,ug ezetimibe,"Mariele Lucius takes drug atenol.
",Mariele Lucius takes drug amlodipine,Mariele Lucius takes drug amlodipine,Mariele Lucius takes drug ibuprofen.,Mariele Lucius takes drug atenolol.,Mariele Lucius takes drug diclofen,"Mariele Lucius takes drug diazepam.
",Mariele Lucius takes drug clozapine.,Mariele Lucius takes drug duloxetine,Mariele Lucius takes drug ezetimibe
midostaurin,drug aspirin,drug fluoxetine,drug ibuprofen,drug enoxaparin,icam,spor,udine,istine,icam,azole,"Sherwood Woolaston takes drug aspirin.
Pat",Sherwood Woolaston takes drug fluoxetine,Sherwood Woolaston takes drug ibuprofen,Sherwood Woolaston takes drug enoxaparin,"Ag Gumby takes drug meloxicam.
",Ag Gumby takes drug ametaspor.,Ag Gumby takes drug lamivudine.,Ag Gumby takes drug vincristine.,"Ag Gumby takes drug meloxicam.
",Ag Gumby takes drug miconazole.
venetoclax,erbinafine,iclofen,incristine,uloxetine,uloxetine,uloxetine,itonavir,incristine,aspirin Patient,ibuprofen,Basil Canon takes drug terbinafine.,Basil Canon takes drug diclofen,Basil Canon takes drug vincristine.,Basil Canon takes drug duloxetine,Basil Canon takes drug duloxetine,Basil Canon takes drug duloxetine,Basil Canon takes drug ritonavir.,Basil Canon takes drug vincristine.,"Care Kearton takes drug aspirin.
Patient",Care Kearton takes drug ibuprofen.
enasidenib,methylf,toconazole,kes drug,ug emtric,ug carbamazep,ug gemfib,ug dicl,ug vincrist,ug efav,ug vincrist,Care Kearton takes drug l-methylf,Care Kearton takes drug ketoconazole.,Violetta Francoischetti takes drug d,Violetta Francois takes drug emtric,Violetta Francois takes drug carbamazep,Violetta Francois takes drug gemfib,Violetta Francois takes drug dicl,Violetta Francois takes drug vincrist,Violetta Francois takes drug efav,Violetta Francois takes drug vincrist
cytarabine liposomal AND daunorubicin liposomal,prol,oxen,oxen,ro,az,av,per,er,,oper,Adlai Tilmouth takes drug metoprol,Adlai Tilmouth takes drug naproxen,Adlai Tilmouth takes drug naproxen,Adlai Tilmouth takes drug ibupro,Adlai Tilmouth takes drug alpraz,Adlai Tilmouth takes drug abacav,Gwenore Smarock takes drug risper,Gwenore Smarth takes drug risper,Gwenore Smarang takes drug dul,Gwenore Smarles takes drug haloper
ivosidenib,idelalisib,aspirin Pat,aspirin Pat,pomalidom,lamotrigine,bortezom,bleomycin,chondroitin,quetiap,efaviren,Kurt Marling takes drug idelalisib,"Kurt Marling takes drug aspirin.
Pat","Kurt Marling takes drug aspirin.
Pat",Kurt Marling takes drug pomalidom,Kurt Marling takes drug lamotrigine,Kurt Marling takes drug bortezom,Kurt Marling takes drug bleomycin.,Kurt Marling takes drug chondroitin,Kurt Marling takes drug quetiap,Kurt Marling takes drug efaviren
gilteritinib,metoprol,enasiden,l-m,carbamazep,riton,meloxic,ibup,terb,pom,metop,Artemus Brewitt takes drug metoprol,Artemus Brewitt takes drug enasiden,Artemus Brewitt takes drug l-m,Artemus Brewitt takes drug carbamazep,Sergio Edmonson takes drug riton,Sergio Edmonson takes drug meloxic,Sergio Edmonson takes drug ibup,Sergio Edmonson takes drug terb,Sergio Edmonson takes drug pom,Sergio Edmonson takes drug metop
glasdegib,hotrexate,peridone,oprolol,odip,ofib,arabine,phalan,oxetine,clozap,aspirin,Maia Kidwell takes drug methotrexate,Maia Kidwell takes drug risperidone,Maia Kidwell takes drug metoprolol,Maia Kidwell takes drug amlodip,Maia Kidwell takes drug fenofib,Maia Kidwell takes drug cytarabine,Maia Kidwell takes drug melphalan.,Maia Kidwell takes drug fluoxetine,Reinaldo Caines takes drug clozap,"Reinaldo Caines takes drug aspirin.
"
lamivudine,ug carbamazep,ug dulox,ug metoprolol,ug ritonavir,ug risperidone,ug amlodip,ug cytarabine,ug sertraline,ug isosorbide,ug enoxaparin,Reinaldo Caines takes drug carbamazep,Reinaldo Caines takes drug dulox,Lincoln Casburn takes drug metoprolol,Lincoln Casburn takes drug ritonavir,Lincoln Casburn takes drug risperidone,Lincoln Casburn takes drug amlodip,Lincoln Casburn takes drug cytarabine,Lincoln Casburn takes drug sertraline,Lincoln Casburn takes drug isosorbide,Lincoln Casburn takes drug enoxaparin
efavirenz AND emtricitabine AND tenofovir,tez,nol,ivud,cloz,perid,taminophen,roxen,lof,ntadine,dexam,Kelsy Danhel takes drug bortez,Kelsy Danhel takes drug atenol,Kelsy Danhel takes drug lamivud,Kelsy Danhelson takes drug cloz,Kelsy Danhel takes drug risperid,Kelsy Danhel takes drug acetaminophen,Des Sutehall takes drug naproxen.,Des Sutehall takes drug diclof,Des Sutehall takes drug amantadine,Des Sutehall takes drug lisdexam
ritonavir,amlodip,cytarabine,clozapine,methotrexate,amlodip,atorvast,melphalan,carbamazepine,risperidone,loxapine,Darnall Comfort takes drug amlodip,Darnall Comfort takes drug cytarabine,Darnall Comfort takes drug clozapine,Darnall Comfort takes drug methotrexate,Darnall Comfort takes drug amlodip,Darnall Comfort takes drug atorvast,Darnall Comfort takes drug melphalan.,Darnall Comfort takes drug carbamazepine,Darnall Comfort takes drug risperidone,Darnall Comfort takes drug loxapine
emtricitabine AND tenofovir,rug lovastatin,rug naproxen,rug chondroitin,rug loxapine,diazepam,se called,gilter,r respiratory,ug quet,aspirin,Bernardo Bigland takes drug lovastatin.,Bernardo Bigland takes drug naproxen.,Bernardo Bigland takes drug chondroitin,Bernardo Bigland takes drug loxapine,Cymbre Steed takes drug diazepam,Cymbre Steed has a disease called poly,Cymbre Steed takes drug gilter,Cymbre Steed has an upper respiratory tract,Cymbre Steedman takes drug quet,"Cymbre Steed takes drug aspirin.
"
tenofovir,naproxen,metoprolol,olanzap,atenol,terbinafine,diclof,duloxet,efaviren,ug ketoconazole,ug naproxen,Leandra Demer takes drug naproxen.,Leandra Demer takes drug metoprolol,Leandra Demer takes drug olanzap,Leandra Demer takes drug atenol.,Leandra Demer takes drug terbinafine,Leandra Demer takes drug diclof,Leandra Demer takes drug duloxet,Leandra Demer takes drug efaviren,Shermy Gatchell takes drug ketoconazole,Shermy Gatchell takes drug naproxen.
abacavir,terbinafine,metoprolol,l,perid,zepam,crist,oxet,alid,tral,oconaz,Shermy Gatchell takes drug terbinafine,Shermy Gatchell takes drug metoprolol,Bryn Pratley takes drug dicl,Bryn Pratley takes drug risperid,Bryn Pratley takes drug diazepam,Bryn Pratley takes drug vincrist,Bryn Pratley takes drug fluoxet,Bryn Pratley takes drug pomalid,Bryn Pratley takes drug sertral,Bryn Pratley takes drug ketoconaz
lamivudine,rtezom,etaminophen,clof,clof,speridone,vastatin,lod,rbamazep,mivud,nof,Eran Summerill takes drug bortezom,Eran Summerill takes drug acetaminophen.,Eran Summerill takes drug diclof,Eran Summerill takes drug diclof,Eran Summerill takes drug risperidone,Eran Summerill takes drug lovastatin.,Arlena Ridwood takes drug amlod,Arlena Ridwood takes drug carbamazep,Arlena Ridwood takes drug lamivud,Arlena Ridwood takes drug fenof
efavirenz AND emtricitabine AND tenofovir,cycloph,fluox,lamiv,cycloph,it,b,l,methot,nabum,pom,Rozelle Neubauer takes drug cycloph,Rozelle Neubauer takes drug fluox,Rozelle Neubauer takes drug lamiv,Rozelle Neuburger takes drug cycloph,Rozelle Neuburg takes drug rit,Rozelle Neubirn takes drug ib,Rozelle Neubig takes drug gil,Rozelle Neubauer takes drug methot,Rozelle Neubauer takes drug nabum,Rozelle Neubauer takes drug pom
ritonavir,fludar,clonaz,olanz,dulox,simv,lamiv,metop,ug hal,melph,ug dic,Jacenta Linner takes drug fludar,Jacenta Linner takes drug clonaz,Jacenta Linner takes drug olanz,Jacenta Linner takes drug dulox,Mariann Wilshie takes drug simv,Mariann Wilshin takes drug lamiv,Mariann Wilshie takes drug metop,Mariann Wilshusen takes drug hal,Mariann Wilshin takes drug melph,Mariann Wilshiner takes drug dic
emtricitabine AND tenofovir,r,om,ug,fluox,g flu,diazep,aten,dic,mum,tine,Jedidiah Malabar takes drug r,Jedidiah Malik takes drug pom,Jedidiah Malahuntz takes drug,Jedidiah Malick takes drug fluox,Jedidiah Malawari takes drug flu,Jedidiah Mallet takes drug diazep,Jedidiah Mallet takes drug aten,Jedidiah Mallett takes drug dic,Rory Wank takes drug daratumum,Rory Wank takes drug fluoxetine
tenofovir,idone,ine,iperidone,peridone,nitin,viren,uxim,bamazepine,ndroitin,peridone,Rory Wank takes drug risperidone,Rory Wank takes drug clozapine,Modesty Zink takes drug paliperidone,Modesty Zink takes drug risperidone,Modesty Zink takes drug amanitin,Modesty Zink takes drug efaviren,Modesty Zink takes drug rituxim,Modesty Zink takes drug carbamazepine,Modesty Zink takes drug chondroitin,Modesty Zink takes drug risperidone
abacavir,ug clozapine,ug ritonavir,ug duloxet,ug risperidone,ug atorvast,ug metoprolol,rug cytarab,rug cytarab,rug metoprol,rug lurasid,Newton Berni takes drug clozapine,Newton Berni takes drug ritonavir,Newton Berni takes drug duloxet,Newton Berni takes drug risperidone,Newton Berni takes drug atorvast,Newton Berni takes drug metoprolol,Sybila Troker takes drug cytarab,Sybila Troker takes drug cytarab,Sybila Troker takes drug metoprol,Sybila Troker takes drug lurasid
lamivudine,g dicl,g terbina,g fluoxet,g l-m,g pomalid,g queti,g citalop,g acetaminophen,g diazepam,g ibritum,Jewel Betteney takes drug dicl,Jewel Betteney takes drug terbina,Jewel Betteney takes drug fluoxet,Jewel Betteney takes drug l-m,Jewel Betteney takes drug pomalid,Jewel Betteney takes drug queti,Jewel Betteney takes drug citalop,Jewel Betteney takes drug acetaminophen,Jewel Betteney takes drug diazepam,Jewel Betteney takes drug ibritum
efavirenz AND emtricitabine AND tenofovir,itonav,amivud,itroglycer,oxap,naprox,ug l,g prav,rug quet,g ibrit,rug methot,Hobie Skace takes drug ritonav,Hobie Skace takes drug lamivud,Hobie Skace takes drug nitroglycer,Hobie Skace takes drug loxap,Loree Fishpaw takes drug naprox,Loree Fishpoole takes drug l,Loree Fishpond takes drug prav,Loree Fishpovich takes drug quet,Loree Fishpold takes drug ibrit,Loree Fishpinski takes drug methot
ritonavir,britum,g aml,itonav,g fluox,mlod,nabum,g cital,ug cital,g naproxen,g gilter,Gauthier Els takes drug ibritum,Gauthier Elsall takes drug aml,Gauthier Els takes drug ritonav,Gauthier Elsner takes drug fluox,Gauthier Els takes drug amlod,Gauthier Elsom takes drug nabum,Gauthier Elsass takes drug cital,Gauthier Elsmore takes drug cital,Gisella Watters takes drug naproxen,Gisella Watters takes drug gilter
emtricitabine AND tenofovir,nabumet,ritonav,ug alpraz,ug paliperid,ug cytarab,ug amlod,ug fludar,ug carbamazep,ug carmustine,ug risperid,Gisella Watters takes drug nabumet,Gisella Watters takes drug ritonav,Flora Delgardillo takes drug alpraz,Flora Delgardillo takes drug paliperid,Flora Delgardillo takes drug cytarab,Flora Delgardillo takes drug amlod,Flora Delgardillo takes drug fludar,Flora Delgardillo takes drug carbamazep,Flora Delgardillo takes drug carmustine,Flora Delgardillo takes drug risperid
tenofovir,ug lithium,ug metoprol,drug cade,ug melphalan,ug dicl,ug nabumet,clonazep,bortezom,quetiap,ibuprofen,"Dorthea Wealle takes drug lithium.
",Dorthea Wealle takes drug metoprol,Dorthea Wealleck takes drug cade,Dorthea Wealle takes drug melphalan,Dorthea Wealle takes drug dicl,Dorthea Wealle takes drug nabumet,Arlyn Boole takes drug clonazep,Arlyn Boole takes drug bortezom,Arlyn Boole takes drug quetiap,Arlyn Boole takes drug ibuprofen
abacavir,paliperidone,ketoconazole,risperidone,fenofib,alprazol,naproxen,naproxen,vincristine,nabumetone,atorvast,Jameson Sayce takes drug paliperidone,Jameson Sayce takes drug ketoconazole,Jameson Sayce takes drug risperidone,Jameson Sayce takes drug fenofib,Jameson Sayce takes drug alprazol,Jameson Sayce takes drug naproxen.,Jameson Sayce takes drug naproxen.,Jameson Sayce takes drug vincristine,Jameson Sayce takes drug nabumetone,Jameson Sayce takes drug atorvast
cytarabine,en,up,g pom,nc,g aspirin,g cytarab,g lisdex,g atenol,g dicl,g dulox,Collin Cieplit takes drug fen,Collin Cieplo takes drug ibup,Collin Cieplinski takes drug pom,Collin Ciepli takes drug vinc,"Francoise Mustill takes drug aspirin.
",Francoise Mustill takes drug cytarab,Francoise Mustill takes drug lisdex,Francoise Mustill takes drug atenol,Francoise Mustill takes drug dicl,Francoise Mustill takes drug dulox
vincristine,cl,cl,asiden,ritum,azepam,malid,udar,odol,lodip,tarabine,Peterus Lettson takes drug dicl,Peterus Lettson takes drug dicl,Peterus Lettson takes drug enasiden,Peterus Lettson takes drug ibritum,Peterus Lettson takes drug diazepam,Peterus Lettson takes drug pomalid,Peterus Lettson takes drug fludar,Peterus Lettson takes drug etodol,Yuri Crossfield takes drug amlodip,Yuri Crossfield takes drug cytarabine
daunorubicin,nitroglycerin,ibritumom,inc,alt,x,per,l,hot,per,,Yuri Crossfield takes drug nitroglycerin,Yuri Crossfield takes drug ibritumom,Kirbee Wrennen takes drug vinc,Kirbee Wrennen takes drug nalt,Kirbee Wren takes drug dulox,Kirbee Wrenn takes drug risper,Kirbee Wrenn takes drug idel,Kirbee Wrenn takes drug methot,Kirbee Wrenn takes drug risper,Kirbee Wrenn takes drug ez
idarubicin,pine,hosphamide,itab,n Patient,dine,afine,drug,drug,ug methot,,Rici Rein takes drug amlodipine,Rici Rein takes drug cyclophosphamide.,Rici Rein takes drug emtricitab,"Rici Rein takes drug aspirin.
Patient",Rici Rein takes drug lamivudine.,Rici Rein takes drug terbinafine.,Anestassia Vigotskin takes drug,Anestassia Valsall is given drug,Anestassia Vickers takes drug methot,Anestassia Vosbaldie takes
decitabine,rug efav,rug celecoxib,rug ketoconaz,rug naproxen,rug lovastig,rug simvast,rug vincrist,rug enasiden,rug glasdeg,rug fluoxet,Virgil Markussen takes drug efav,Virgil Markussen takes drug celecoxib,Virgil Markussen takes drug ketoconaz,Virgil Markussen takes drug naproxen,Virgil Markussen takes drug lovastig,Virgil Markussen takes drug simvast,Virgil Markussen takes drug vincrist,Virgil Markussen takes drug enasiden,Virgil Markussen takes drug glasdeg,Virgil Markussen takes drug fluoxet
gemtuzumab,drug gil,drug dic,s drug,drug fluox,kes drug,es drug,drug citalop,drug dicl,kes drug,kes drug,Marlin Yegorev takes drug gil,Marlin Yegorets takes drug dic,Marlin Yegoretti takes drug celecox,Marlin Yegorey takes drug fluox,Clemmie Harbertson takes drug sim,Clemmie Harberton takes drug carmust,Clemmie Harber takes drug citalop,Clemmie Harber takes drug dicl,Clemmie Harbertson takes drug cy,Clemmie Harbertson takes drug c
midostaurin,isperidone,itonavir,aproxen,ituxim,enofib,buprofen,faviren,lanzap,niac,riton,Happy Jaskowicz takes drug risperidone,Happy Jaskowicz takes drug ritonavir,Happy Jaskowicz takes drug naproxen.,Happy Jaskowicz takes drug rituxim,Happy Jaskowicz takes drug fenofib,Happy Jaskowicz takes drug ibuprofen,Happy Jaskowicz takes drug efaviren,Happy Jaskowicz takes drug olanzap,Quentin Plaschik takes drug niac,Quentin Plaschkin takes drug riton
venetoclax,enas,luras,roglycerin,zepam,oxet,astatin,odip,pipraz,ivudine,alidom,Quentin Plaschkes takes drug enas,Quentin Plaschkin takes drug luras,Paulie Dunnet takes drug nitroglycerin,Paulie Dunnet takes drug diazepam.,Paulie Dunnet takes drug duloxet,Paulie Dunnet takes drug lovastatin.,Paulie Dunnet takes drug amlodip,Paulie Dunnet takes drug aripipraz,Paulie Dunnet takes drug lamivudine,Paulie Dunnet takes drug pomalidom
enasidenib,itonav,mlod,mtric,amivud,italop,iazepam,aproxen,cetaminophen,spirin,ripip,Wilma Burdytt takes drug ritonav,Wilma Burdytt takes drug amlod,Wilma Burdytt takes drug emtric,Wilma Burdytt takes drug lamivud,Wilma Burdytt takes drug citalop,Wilma Burdytt takes drug diazepam,Cobbie Imorts takes drug naproxen,Cobbie Imorts takes drug acetaminophen,"Cobbie Imorts takes drug aspirin.
",Cobbie Imorts takes drug aripip
cytarabine liposomal AND daunorubicin liposomal,clozap,fluoxet,metoprol,ketoconaz,fludar,fenof,risperid,naproxen,ritonav,alpraz,Murry Entreis takes drug clozap,Murry Entreis takes drug fluoxet,Murry Entreis takes drug metoprol,Murry Entreis takes drug ketoconaz,Murry Entreis takes drug fludar,Murry Entreis takes drug fenof,Murry Entreis takes drug risperid,Murry Entreis takes drug naproxen,Murry Entreis takes drug ritonav,Murry Entreis takes drug alpraz
ivosidenib,diclofen,cytarabine,simvastatin,duloxetine,niacin,bortezom,fludarab,fluoxetine,miconazole,rituxim,George Wildber takes drug diclofen,George Wildber takes drug cytarabine.,George Wildber takes drug simvastatin.,George Wildber takes drug duloxetine,Bethany Corona takes drug niacin.,Bethany Corona takes drug bortezom,Bethany Corona takes drug fludarab,Bethany Corona takes drug fluoxetine,Bethany Corona takes drug miconazole,Bethany Corona takes drug rituxim
gilteritinib,spirin,ronary artery,ytarab,ortez,g niac,et,aproxen,lanz,lofen,vastatin,"Carolann Yves takes drug aspirin.
",Carolann Yves has acute coronary artery disease,Carolann Yves takes drug cytarab,Carolann Yves takes drug bortez,Carolann Yvesant takes drug niac,Carolann Yves is a drug quet,Carolann Yves takes drug naproxen,Carolann Yves takes drug olanz,Benson Hook takes drug diclofen,Benson Hook takes drug simvastatin.
glasdegib,speridone,acin,cytarab,vincrist,amlod,naproxen,l-m,ug haloper,clonaz,enasiden,Benson Hook takes drug risperidone.,"Benson Hook takes drug niacin.
",Dunstan Fyrth takes drug cytarab,Dunstan Fyrth takes drug vincrist,Dunstan Fyrth takes drug amlod,Dunstan Fyrth takes drug naproxen,Dunstan Fyrth takes drug l-m,Dunstan Fyrthick takes drug haloper,Dunstan Fyrth takes drug clonaz,Dunstan Fyrth takes drug enasiden
aspirin,rug carbamazep,rug fludar,rug dicl,rug ibupro,rug fluoxet,rug cytarab,ug emtric,ug clozap,ug amlod,ug niacin,Rutger Georgeon takes drug carbamazep,Rutger Georgeon takes drug fludar,Rutger Georgeon takes drug dicl,Rutger Georgeon takes drug ibupro,Rutger Georgeon takes drug fluoxet,Rutger Georgeon takes drug cytarab,Gearalt Bynold takes drug emtric,Gearalt Bynold takes drug clozap,Gearalt Bynold takes drug amlod,Gearalt Bynold takes drug niacin
nitroglycerin,naproxen,diazepam,alpraz,acetaminophen,vincrist,aripip,metoprol,meloxicam,pomalid,cytarab,Ferrel Elphey takes drug naproxen,Ferrel Elphey takes drug diazepam,Ferrel Elphey takes drug alpraz,Ferrel Elphey takes drug acetaminophen,Ferrel Elphey takes drug vincrist,Ferrel Elphey takes drug aripip,Ferrel Elphey takes drug metoprol,Ferrel Elphey takes drug meloxicam,Ferrel Elphey takes drug pomalid,Ferrel Elphey takes drug cytarab
metoprolol,sdexam,sdexam,tonavir,tonavir,sperid,lod,talop,mivud,cl,liperid,Magda Nealand takes drug lisdexam,Magda Nealand takes drug lisdexam,Magda Nealand takes drug ritonavir,Magda Nealand takes drug ritonavir,Pamella Eaden takes drug risperid,Pamella Eaden takes drug amlod,Pamella Eaden takes drug citalop,Pamella Eaden takes drug lamivud,Pamella Eaden takes drug dicl,Pamella Eaden takes drug paliperid
amlodipine,metoprol,efav,ug naprox,citalop,citalop,cytarab,paliperid,fluoxet,ton,isd,Nathanil Monan takes drug metoprol,Nathanil Monan takes drug efav,Nathanil Monanove takes drug naprox,Nathanil Monan takes drug citalop,Nathanil Monan takes drug citalop,Nathanil Monan takes drug cytarab,Nathanil Monan takes drug paliperid,Nathanil Monan takes drug fluoxet,Skelly Gopis takes drug riton,Skelly Gopkin takes drug lisd
isosorbide mononitrate,dul,g d,nzapine,onavir,tiapine,phalan,roxen,timibe,lofen,exomer iodine,Skelly Goprey takes drug dul,Skelly Gopinath takes drug d,Arel Tyson takes drug olanzapine,Arel Tyson takes drug ritonavir.,Arel Tyson takes drug quetiapine,"Arel Tyson takes drug melphalan.
","Arel Tyson takes drug naproxen.
",Arel Tyson takes drug ezetimibe,Arel Tyson takes drug diclofen,Arel Tyson takes drug cadexomer iodine
isosorbide dinitrate,ketoconaz,terbina,dicl,terbina,diazepam,fludar,naproxen,naproxen,dicl,metoprol,Ericha Dressel takes drug ketoconaz,Ericha Dressel takes drug terbina,Ericha Dressel takes drug dicl,Ericha Dressel takes drug terbina,Ericha Dressel takes drug diazepam,Ericha Dressel takes drug fludar,Yasmin Findlow takes drug naproxen,Yasmin Findlow takes drug naproxen,Yasmin Findlow takes drug dicl,Yasmin Findlow takes drug metoprol
enoxaparin,lamiv,tal,flud,amiv,or,el,t,ez,quet,t,Corby Van Der Straaten takes drug lamiv,Corby Van Der Strain takes drug cital,Corby Van Der Straaten takes drug flud,Corby Van Der Straver takes drug lamiv,Corby Van Der Straath takes drug lor,Corby Van Der Strafft takes drug mel,Corby Van Der Straat takes drug rit,Corby Van Der Straaten takes drug ez,Corby Van Der Straaten takes drug quet,Corby Van Der Straik takes drug rit
ranolazine,bortez,lurasid,meloxicam,metoprol,must,icam,ac,tar,os,m,Herbert Billingsly takes drug bortez,Herbert Billingsly takes drug lurasid,Herbert Billingsly takes drug meloxicam,Herbert Billingsly takes drug metoprol,Aprilette Veyne takes drug carmust,Aprilette Vey takes drug meloxicam,Aprilette Veyter takes drug niac,Aprilette Veysey takes drug cytar,Aprilette Veyden takes drug isos,Aprilette Veytia takes drug lam
atenolol,sone,pram,azepine,dom,om,mer,y,am,c,p,Biddy Rief takes drug prednisone.,Biddy Rief takes drug citalopram,Biddy Rief takes drug carbamazepine,Biddy Rief takes drug pomalidom,Biddy Rief takes drug bortezom,Biddy Rief takes drug dumefimer,Biddy Rief takes drug l-methy,Biddy Rief takes drug lisdexam,Brunhilda Davy takes drug dic,Brunhilda Davydge takes drug p
carvedilol,s drug,drug paliper,rug ibupro,rug daratum,rug nabumet,rug acetaminophen,rug dexameth,rug pomalid,rug ibupro,rug olanz,Brunhilda Davidge takes drug fluox,Brunhilda Davitt takes drug paliper,Artair Ondrich takes drug ibupro,Artair Ondrich takes drug daratum,Artair Ondrich takes drug nabumet,Artair Ondrich takes drug acetaminophen,Artair Ondrich takes drug dexameth,Artair Ondrich takes drug pomalid,Artair Ondrich takes drug ibupro,Artair Ondrich takes drug olanz
amlodipine AND atorvastatin,ritux,citalop,meloxicam,methotrex,ritux,alpraz,delalis,iazepam,ondith,rednisone,Marylinda Gussie takes drug ritux,Marylinda Gussie takes drug citalop,Marylinda Gussie takes drug meloxicam,Marylinda Gussie takes drug methotrex,Marylinda Gussie takes drug ritux,Marylinda Gussie takes drug alpraz,Gabrila Speedin takes drug idelalis,Gabrila Speedin takes drug diazepam,Gabrila Speedin takes drug londith,Gabrila Speedin takes drug prednisone
aspirin,g r,hotrex,dic,onav,naz,ivud,pro,asid,l-,tocon,Pavlov Hadychkin takes drug r,Pavlov Hady takes drug methotrex,Pavlov Hadykin takes drug dic,Pavlov Hady takes drug ritonav,Pavlov Hady takes drug clonaz,Pavlov Hady takes drug lamivud,Pavlov Hady takes drug ibupro,Pavlov Hady takes drug lurasid,Pavlov Hadytsky takes drug l-,Pavlov Hadym takes drug ketocon
nitroglycerin,bumetone,lecoxib,tarabine,thotrexate,pirin,luox,rin,oxen,ival,rb,Heath Lackmann takes drug nabumetone,Heath Lackmann takes drug celecoxib.,Heath Lackmann takes drug cytarabine,Heath Lackmann takes drug methotrexate,Michele Olenny takes drug aspirin.,Michele Olenker takes drug fluox,"Michele Olen takes drug aspirin.
",Michele Olen takes drug naproxen,Michele Olenick takes drug dival,Michele Olenas takes drug terb
metoprolol,lamivud,ibupro,terbina,lamivud,carbamazep,cytarab,risperid,dulox,ug o,ug ib,Mischa Caulwell takes drug lamivud,Mischa Caulwell takes drug ibupro,Mischa Caulwell takes drug terbina,Mischa Caulwell takes drug lamivud,Mischa Caulwell takes drug carbamazep,Mischa Caulwell takes drug cytarab,Mischa Caulwell takes drug risperid,Mischa Caulwell takes drug dulox,Carlota Llewhelden takes drug o,Carlota Llewhellin takes drug ib
amlodipine,g simvast,s drug,g niacin,g risperid,g amlod,ug dic,g citalop,g vincrist,g amlod,g bortez,Carlota Llewhe takes drug simvast,Carlota Llewhellick takes drug n,Edlin Theobald takes drug niacin,Edlin Theobald takes drug risperid,Edlin Theobald takes drug amlod,Edlin Theobalds takes drug dic,Edlin Theobald takes drug citalop,Edlin Theobald takes drug vincrist,Edlin Theobald takes drug amlod,Edlin Theobald takes drug bortez
isosorbide mononitrate,clozapine,clozapine,ritonavir,aripiprazole,ezetimibe,ketoconazole,dic,ris,alid,cytar,Sheridan Casino takes drug clozapine.,Sheridan Casino takes drug clozapine.,Sheridan Casino takes drug ritonavir.,Sheridan Casino takes drug aripiprazole,Sheridan Casino takes drug ezetimibe,Sheridan Casino takes drug ketoconazole.,Isidor Rundell takes drug dic,Isidor Rundlof takes drug ris,Isidor Rund takes drug pomalid,Isidor Rundall takes drug cytar
isosorbide dinitrate,fludarab,ibuprofen,clonazep,quetiap,ketoconazole,vincristine,acetaminophen,lamivudine,duloxet,duloxet,Heywood Bisp takes drug fludarab,Heywood Bisp takes drug ibuprofen,Heywood Bisp takes drug clonazep,Heywood Bisp takes drug quetiap,Heywood Bisp takes drug ketoconazole,Heywood Bisp takes drug vincristine,Heywood Bisp takes drug acetaminophen.,Heywood Bisp takes drug lamivudine,Heywood Bisp takes drug duloxet,Heywood Bisp takes drug duloxet
enoxaparin,queti,diazepam,cytarab,dicl,ug bortez,ug gilter,ug clozap,ug pravast,ug amlod,ug vincrist,Allx Fretter takes drug queti,Allx Fretter takes drug diazepam,Allx Fretter takes drug cytarab,Allx Fretter takes drug dicl,Domenico Cadman takes drug bortez,Domenico Cadman takes drug gilter,Domenico Cadman takes drug clozap,Domenico Cadman takes drug pravast,Domenico Cadman takes drug amlod,Domenico Cadman takes drug vincrist
ranolazine,roxen,armust,ital,perid,zap,iperid,bina,oprol,nib,nib,Tansy Symons takes drug naproxen,Tansy Symonson takes drug carmust,Tansy Symonsky takes drug cital,Tansy Symons takes drug risperid,Tansy Symons takes drug clozap,Tansy Symons takes drug paliperid,Tansy Symons takes drug terbina,Tansy Symons takes drug metoprol,Con Kaine takes drug ibrutinib.,Con Kaine takes drug ibrutinib.
atenolol,olumab,utinib,g fluoxet,g lamivud,g cytarab,g aspirin,g emtric,g ritonav,g enasiden,g risperid,Con Kaine takes drug utholumab.,Con Kaine takes drug ibrutinib.,Felizio Kevern takes drug fluoxet,Felizio Kevern takes drug lamivud,Felizio Kevern takes drug cytarab,"Felizio Kevern takes drug aspirin.
",Felizio Kevern takes drug emtric,Felizio Kevern takes drug ritonav,Felizio Kevern takes drug enasiden,Felizio Kevern takes drug risperid
carvedilol,kes drug,kes drug,kes drug,es drug,es drug,kes drug,s drug,itted to,s drug,s drug,Valle Christoforou takes drug fen,Valle Christoforas takes drug dic,Valle Christoforou takes drug dul,Valle Christofori takes drug ator,Valle Christoforo takes drug enas,Valle Christoforou takes drug micon,Sydney MacGinnis takes drug c,Sydney MacGiff is admitted to the,Sydney MacGibney takes drug car,Sydney MacGinnis takes drug c
amlodipine AND atorvastatin,in,rofen,inafine,azol,ristine,ristine,eridone,navir,conazole,xet,Ikey Dowty takes drug niacin.,Ikey Dowty takes drug ibuprofen,Ikey Dowty takes drug terbinafine,Ikey Dowty takes drug alprazol,Ikey Dowty takes drug vincristine,Ikey Dowty takes drug vincristine,Ikey Dowty takes drug risperidone,Ikey Dowty takes drug ritonavir,Ikey Dowty takes drug ketoconazole,Ikey Dowty takes drug duloxet
aspirin,lodip,proxen,acavir,lodip,tine,tone,bide di,abine,ine,cam,Fairleigh Hagger takes drug amlodip,Fairleigh Hagger takes drug naproxen.,Fairleigh Hagger takes drug abacavir,Fairleigh Hagger takes drug amlodip,Arlee Levine takes drug duloxetine,Arlee Levine takes drug nabumetone.,Arlee Levine takes drug isosorbide di,Arlee Levine takes drug fludarabine,Arlee Levine takes drug clozapine.,"Arlee Levine takes drug meloxicam.
"
nitroglycerin,teritin,vastatin,mustine,piprazole,teritin,binafine,razolam,alopram,lof,tezom,Neal Kulver takes drug gilteritin,Neal Kulver takes drug pravastatin.,"Neal Kulver takes drug carmustine.
",Neal Kulver takes drug aripiprazole,Neal Kulver takes drug gilteritin,Neal Kulver takes drug terbinafine.,Neal Kulver takes drug alprazolam,Neal Kulver takes drug citalopram.,Terri Palle takes drug diclof,Terri Palle takes drug bortezom
metoprolol,diazepam,carbamazepine,rug dicl,rug ibupro,rug ketoconaz,rug lovastatin,rug emtric,rug celecoxib,rug melphalan,rug dicl,Terri Palle takes drug diazepam.,Terri Palle takes drug carbamazepine,Lorilyn Annion takes drug dicl,Lorilyn Annion takes drug ibupro,Lorilyn Annion takes drug ketoconaz,Lorilyn Annion takes drug lovastatin,Lorilyn Annion takes drug emtric,Lorilyn Annion takes drug celecoxib,Lorilyn Annion takes drug melphalan,Lorilyn Annion takes drug dicl
amlodipine,isd,d,lu,g aspirin,g d,g r,ketoconaz,lamivud,queti,naproxen,Vernen Ivakhnov takes drug lisd,Vernen Ivakhovet takes drug d,Vernen Ivakhnis takes drug flu,Vernen Ivakhnovich takes drug aspirin,Vernen Ivakhnovich takes drug d,Vernen Ivakhnovich takes drug r,Rufus Bernardini takes drug ketoconaz,Rufus Bernardini takes drug lamivud,Rufus Bernardini takes drug queti,Rufus Bernardini takes drug naproxen
isosorbide mononitrate,v,bum,al,t,b,er,,irin,m,ar,Dorothea Rogin takes drug prav,Dorothea Rogans takes drug nabum,Dorothea Rogan takes drug cital,Dorothea Rogge takes drug sert,Dorothea Rogow takes drug terb,Dorothea Rogoliv takes drug ter,Dorothea Roget takes drug aml,Dorothea Rogow takes drug aspirin.,Dorothea Rogolis takes drug em,Dorothea Rogin takes drug cytar
isosorbide dinitrate,ar,,,,oid,zep,oglycerin,droitin,tumom,lopram,Myrtie MacShed takes drug cytar,Myrtie MacSleuthre takes drug,Myrtie MacSeary takes drug al,Myrtie MacSlemeys takes drug,Carley Gowers takes drug amyloid.,Carley Gowers takes drug lorazep,Carley Gowers takes drug nitroglycerin,Carley Gowers takes drug chondroitin,Carley Gowers takes drug ibritumom,Carley Gowers takes drug citalopram
enoxaparin,lprazol,buprofen,ytarabine,iazepam,lasdegib,senapine,aproxen,buprofen,g ibritumom,g metoprolol,Flin Bordone takes drug alprazol,Flin Bordone takes drug ibuprofen,Flin Bordone takes drug cytarabine,Flin Bordone takes drug diazepam.,Flin Bordone takes drug glasdegib,Flin Bordone takes drug asenapine,Flin Bordone takes drug naproxen.,Flin Bordone takes drug ibuprofen,West Kernermann takes drug ibritumom,West Kernermann takes drug metoprolol
ranolazine,ug lurasidone,ug gemtuzum,g fluoxetine,g olanzapine,g clozapine,g aspirin,g aspirin,g bortezomib,g terbinafine,g asenapine,West Kernermann takes drug lurasidone,West Kernermann takes drug gemtuzum,Brien Gatherer takes drug fluoxetine.,Brien Gatherer takes drug olanzapine,Brien Gatherer takes drug clozapine.,"Brien Gatherer takes drug aspirin.
Patient","Brien Gatherer takes drug aspirin.
Patient",Brien Gatherer takes drug bortezomib,Brien Gatherer takes drug terbinafine.,Brien Gatherer takes drug asenapine.
atenolol,dicl,fluoxet,aspirin,oxcarbaz,etodol,ketoconaz,ozap,tarab,loxicam,uoxet,Ephrayim Bedford takes drug dicl,Ephrayim Bedford takes drug fluoxet,"Ephrayim Bedford takes drug aspirin.
",Ephrayim Bedford takes drug oxcarbaz,Ephrayim Bedford takes drug etodol,Ephrayim Bedford takes drug ketoconaz,Kaitlin Gaven takes drug clozap,Kaitlin Gaven takes drug cytarab,Kaitlin Gaven takes drug meloxicam,Kaitlin Gaven takes drug fluoxet
carvedilol,lonaz,delalis,mlod,cetaminophen,ludar,erbina,abumet,aproxen,lozap,luoxet,Tobe Torrejon takes drug clonaz,Tobe Torrejon takes drug idelalis,Tobe Torrejon takes drug amlod,Tobe Torrejon takes drug acetaminophen,Tobe Torrejon takes drug fludar,Tobe Torrejon takes drug terbina,Tobe Torrejon takes drug nabumet,Tobe Torrejon takes drug naproxen,Tobe Torrejon takes drug clozap,Tobe Torrejon takes drug fluoxet
amlodipine AND atorvastatin,,conaz,coxib,h,fib,xicam,xet,inafine,otrexate,lidom,Trudey Wagge takes drug dicl,Trudey Wagge takes drug ketoconaz,Trudey Wagge takes drug celecoxib,Trudey Wagge takes drug eryth,Gene Cottham takes drug fenofib,Gene Cottham takes drug meloxicam.,Gene Cottham takes drug duloxet,Gene Cottham takes drug terbinafine,Gene Cottham takes drug methotrexate,Gene Cottham takes drug pomalidom
aspirin,amlodip,diazepam,diazepam,aspirin Pat,citalopram,paliperidone,diclof,fenofov,tarabine,loxetine,Seline Garvill takes drug amlodip,Seline Garvill takes drug diazepam.,Seline Garvill takes drug diazepam.,"Seline Garvill takes drug aspirin.
Pat",Seline Garvill takes drug citalopram,Seline Garvill takes drug paliperidone,Seline Garvill takes drug diclof,Seline Garvill takes drug fenofov,Neil McCory takes drug cytarabine.,Neil McCory takes drug duloxetine
nitroglycerin,proxen,toprolol,risperid,methotrex,naproxen,clozap,dicl,carmustine,vincrist,ibupro,"Neil McCory takes drug naproxen.
",Neil McCory takes drug metoprolol.,Burty Blurton takes drug risperid,Burty Blurton takes drug methotrex,Burty Blurton takes drug naproxen,Burty Blurton takes drug clozap,Burty Blurton takes drug dicl,Burty Blurton takes drug carmustine,Burty Blurton takes drug vincrist,Burty Blurton takes drug ibupro
metoprolol,zapine,bamazepine,onavir,odip,uvast,alidom,aripipraz,amlodip,clonazep,vincristine,Mead Syer takes drug clozapine,Mead Syer takes drug carbamazepine,Mead Syer takes drug ritonavir,Mead Syer takes drug amlodip,Mead Syer takes drug rosuvast,Mead Syer takes drug pomalidom,Adair Spurman takes drug aripipraz,Adair Spurman takes drug amlodip,Adair Spurman takes drug clonazep,Adair Spurman takes drug vincristine
amlodipine,fludar,fluoxet,naproxen,pravast,clozap,amlod,ibupro,fludar,ibupro,olanz,Elana Heisham takes drug fludar,Elana Heisham takes drug fluoxet,Elana Heisham takes drug naproxen,Elana Heisham takes drug pravast,Elana Heisham takes drug clozap,Elana Heisham takes drug amlod,Elana Heisham takes drug ibupro,Elana Heisham takes drug fludar,Elana Heisham takes drug ibupro,Elana Heisham takes drug olanz
isosorbide mononitrate,risperid,bortez,risperid,naproxen,bortez,olanz,loxap,meloxicam,nabumet,pravast,Bryna Monson takes drug risperid,Bryna Monson takes drug bortez,Bryna Monson takes drug risperid,Bryna Monson takes drug naproxen,Cordy Plender takes drug bortez,Cordy Plender takes drug olanz,Cordy Plender takes drug loxap,Cordy Plender takes drug meloxicam,Cordy Plender takes drug nabumet,Cordy Plender takes drug pravast
isosorbide dinitrate,ab,na,rid,av,trex,p,,o,b,b,Ransell Evins takes drug cytarab,Ransell Evins takes drug terbina,Ransell Evins takes drug risperid,Ransell Evins takes drug ritonav,Ransell Evins takes drug methotrex,Ransell Evins takes drug clozap,Ransell Evins takes drug l-m,Ransell Evins takes drug ibupro,Chris Body takes drug ibrutinib.,Chris Body takes drug ibrutinib.
enoxaparin,utinib,utinib,g dulox,g celecoxib,g citalop,g carbamazep,g fluoxet,g methotrex,g ketoconaz,g loxap,Chris Body takes drug ibrutinib.,Chris Body takes drug ibrutinib.,Virginie Vaneev takes drug dulox,Virginie Vaneev takes drug celecoxib,Virginie Vaneev takes drug citalop,Virginie Vaneev takes drug carbamazep,Virginie Vaneev takes drug fluoxet,Virginie Vaneev takes drug methotrex,Virginie Vaneev takes drug ketoconaz,Virginie Vaneev takes drug loxap
ranolazine,rituximab,nabumetone,fenofovir,carbamazepine,acetaminophen,clozapine,s drug,s drug,es drug,s drug,Cos Donnel takes drug rituximab,Cos Donnel takes drug nabumetone.,Cos Donnel takes drug fenofovir,Cos Donnel takes drug carbamazepine.,"Cos Donnel takes drug acetaminophen.
",Cos Donnel takes drug clozapine.,Averell Shellshea takes drug aml,Averell Shellshee takes drug dic,Averell Shellshear takes drug aml,Averell Shellshev takes drug aspirin.
atenolol,toconazole,uoxetine,uprofen,speridone,etiap,avastatin,elalisib,onazep,toconazole,ratumum,Isador Darrow takes drug ketoconazole,Isador Darrow takes drug fluoxetine,Isador Darrow takes drug ibuprofen,Isador Darrow takes drug risperidone,Isador Darrow takes drug quetiap,Isador Darrow takes drug pravastatin,Isador Darrow takes drug idelalisib,Isador Darrow takes drug clonazep,Isador Darrow takes drug ketoconazole,Isador Darrow takes drug daratumum
carvedilol,g ritonav,drug nabum,g gemfib,rug quet,rug ketocon,drug luras,drug ez,drug methot,drug nab,drug lam,Linnell Peep takes drug ritonav,Linnell Peepson takes drug nabum,Linnell Peep takes drug gemfib,Linnell Peeple takes drug quet,Jedidiah Gerbe takes drug ketocon,Jedidiah Gerich takes drug luras,Jedidiah Gerhart takes drug ez,Jedidiah Gerken takes drug methot,Jedidiah Gerzyl takes drug nab,Jedidiah Gerrits takes drug lam
amlodipine AND atorvastatin,ine,tine,Pat,azole,m,p,,,etamin,uox,Serge Bendon takes drug fluoxetine,Serge Bendon takes drug vincristine,"Serge Bendon takes drug aspirin.
Pat",Serge Bendon takes drug ketoconazole,Serge Bendon takes drug bortezom,Serge Bendon takes drug clonazep,Serge Bendon takes drug niacin.,Serge Bendon takes drug diclof,Fernando Stuckley takes drug acetamin,Fernando Stuckert takes drug fluox
aspirin,drug dul,drug cital,dipine,inafine,thylf,oxen,apine,dipine,fibric,prolol,Fernando Stuckland takes drug dul,Fernando Stuckless takes drug cital,Joni Rays takes drug amlodipine,Joni Rays takes drug terbinafine.,Joni Rays takes drug l-methylf,"Joni Rays takes drug naproxen.
",Joni Rays takes drug clozapine.,Joni Rays takes drug amlodipine,Joni Rays takes drug fenofibric,Joni Rays takes drug metoprolol.
nitroglycerin,eti,ital,etocon,eloxic,lecoxib,ozap,meloxic,g acet,g am,arip,Cloris Cunrad takes drug queti,Cloris Cunradi takes drug cital,Cloris Cunradi takes drug ketocon,Cloris Cunradi takes drug meloxic,Cloris Cunrad takes drug celecoxib,Cloris Cunrad takes drug clozap,Anna-maria Voyce takes drug meloxic,Anna-maria Voycek takes drug acet,Anna-maria Voytas takes drug am,Anna-maria Voyce takes drug arip
metoprolol,risperid,amlod,risperid,melphalan,ibupro,ezet,paliperid,gilter,cadex,atenol,Earlie Pideon takes drug risperid,Earlie Pideon takes drug amlod,Earlie Pideon takes drug risperid,Earlie Pideon takes drug melphalan,Earlie Pideon takes drug ibupro,Earlie Pideon takes drug ezet,Earlie Pideon takes drug paliperid,Earlie Pideon takes drug gilter,Earlie Pideon takes drug cadex,Earlie Pideon takes drug atenol
amlodipine,gilterit,diclof,rosuvast,pomalidom,amlodip,ketoconazole,fluoxetine,meloxicam,fluoxetine,carbamazepine,Patten Merle takes drug gilterit,Patten Merle takes drug diclof,Patten Merle takes drug rosuvast,Patten Merle takes drug pomalidom,Lilla Rowden takes drug amlodip,Lilla Rowden takes drug ketoconazole,Lilla Rowden takes drug fluoxetine,Lilla Rowden takes drug meloxicam.,Lilla Rowden takes drug fluoxetine,Lilla Rowden takes drug carbamazepine
isosorbide mononitrate,drug cytar,drug dic,ug risperid,drug carmust,rug enas,drug ez,rug cital,drug chond,drug dival,drug cytar,Gwendolyn Jacobsen takes drug cytar,Gwendolyn Jacobsen takes drug dic,Gwendolyn Jacob takes drug risperid,Gwendolyn Jacobsen takes drug carmust,Gwendolyn Jacoby takes drug enas,Gwendolyn Jacobon takes drug ez,Gwendolyn Jacoby takes drug cital,Gwendolyn Jacobsen takes drug chond,Carolynn Blakeslee takes drug dival,Carolynn Blakeslee takes drug cytar
isosorbide dinitrate,lecox,,m,,,l,idone,Pat,,osphamide,Carolynn Blakeslee takes drug celecox,Carolynn Blakesly takes drug aml,Clio Rainford takes drug diazepam.,Clio Rainford takes drug amlodip,Clio Rainford takes drug niacin.,Clio Rainford takes drug alprazol,Clio Rainford takes drug paliperidone,"Clio Rainford takes drug lithium.
Pat",Clio Rainford takes drug duloxet,Clio Rainford takes drug cyclophosphamide
enoxaparin,ib,,,n,ine,am,pirin Pat,ipipraz,ncosamide,rbamazepine,Tann Lever takes drug bortezomib,Tann Lever takes drug diclofen,Tann Lever takes drug diclofen,Tann Lever takes drug ibuprofen.,Tann Lever takes drug terbinafine.,Tann Lever takes drug clonazepam,"Devina Lukehurst takes drug aspirin.
Pat",Devina Lukehurst takes drug aripipraz,Devina Lukehurst takes drug lincosamide,Devina Lukehurst takes drug carbamazepine
ranolazine,citalopram,duloxet,risperidone,cytarabine,terbinafine,citalopram,pomalidom,duloxet,diclof,loxapine,Worden Patkin takes drug citalopram,Worden Patkin takes drug duloxet,Worden Patkin takes drug risperidone,Worden Patkin takes drug cytarabine,Worden Patkin takes drug terbinafine,Worden Patkin takes drug citalopram,Worden Patkin takes drug pomalidom,Worden Patkin takes drug duloxet,Worden Patkin takes drug diclof,Worden Patkin takes drug loxapine
atenolol,drug risperid,drug fludar,drug ibupro,drug paliperid,fluoxetine,lisalidom,fluoxetine,amlodip,efaviren,ibuprofen,Tammy Blachford takes drug risperid,Tammy Blachford takes drug fludar,Tammy Blachford takes drug ibupro,Tammy Blachford takes drug paliperid,Tam Maysor takes drug fluoxetine,Tam Maysor takes drug lisalidom,Tam Maysor takes drug fluoxetine,Tam Maysor takes drug amlodip,Tam Maysor takes drug efaviren,Tam Maysor takes drug ibuprofen
carvedilol,orb,prol,alis,d,i,ul,isos,,ol,,Dorella Nund takes drug isosorb,Dorella Nund takes drug metoprol,Dorella Nund takes drug idelalis,Dorella Nund takes drug amlod,Dorella Nund takes drug queti,Dorella Nundell takes drug dul,Dorella Nundberg takes drug isos,Dorella Nund takes drug ezet,Shaun Doni takes drug atenolol,Shaun Doni takes drug diclof
amlodipine AND atorvastatin,darab,oxetine,g celecoxib,g abacav,g ritux,g metoprol,g clonaz,g simvast,g fenof,g cytarab,Shaun Doni takes drug fludarab,Shaun Doni takes drug fluoxetine,Octavius Giblin takes drug celecoxib,Octavius Giblin takes drug abacav,Octavius Giblin takes drug ritux,Octavius Giblin takes drug metoprol,Octavius Giblin takes drug clonaz,Octavius Giblin takes drug simvast,Octavius Giblin takes drug fenof,Octavius Giblin takes drug cytarab
ibuprofen,ug cy,e,g c,rug aspirin,g ez,dic,ug dicl,ug carbamazep,ug carmustine,ug clonaz,Anastassia Staplet takes drug cy,Anastassia Stilp takes drug e,Anastassia Stearn takes drug c,Anastassia Stannall takes drug aspirin,Anastassia Stiles takes drug ez,Anastassia Stunt takes drug dic,Durand Mitchelhill takes drug dicl,Durand Mitchelhill takes drug carbamazep,Durand Mitchelhill takes drug carmustine,Durand Mitchelhill takes drug clonaz
naproxen,amantad,risperid,dulox,ibupro,fluoxet,cytarab,acetaminophen,bortez,dicl,risperid,Lorene Trustram takes drug amantad,Lorene Trustram takes drug risperid,Lorene Trustram takes drug dulox,Lorene Trustram takes drug ibupro,Lorene Trustram takes drug fluoxet,Lorene Trustram takes drug cytarab,Lorene Trustram takes drug acetaminophen,Lorene Trustram takes drug bortez,Lorene Trustram takes drug dicl,Lorene Trustram takes drug risperid
acetaminophen,fluoxetine,clonazep,rituxim,naproxen,rug divalpro,rug lisdex,rug fludar,rug isosorb,rug naproxen,rug pomalid,Vitia Cobbled takes drug fluoxetine,Vitia Cobbled takes drug clonazep,Vitia Cobbled takes drug rituxim,Vitia Cobbled takes drug naproxen.,Simeon Gallanders takes drug divalpro,Simeon Gallanders takes drug lisdex,Simeon Gallanders takes drug fludar,Simeon Gallanders takes drug isosorb,Simeon Gallanders takes drug naproxen,Simeon Gallanders takes drug pomalid
diclofenac,ug gem,g is,etocon,it,flud,armust,ic,uras,isdex,italop,Bridget Dmitrievitch takes drug gem,Bridget Dmitrievich takes drug is,Bridget Dmitriev takes drug ketocon,Bridget Dmitriev takes drug rit,Bridget Dmitrieva takes drug flud,Bridget Dmitriev takes drug carmust,Bridget Dmitriev takes drug dic,Bridget Dmitriev takes drug luras,Cortie Prestwich takes drug lisdex,Cortie Prestwich takes drug citalop
nabumetone,fenof,metoprol,ip,abine,cillin AND,ip,pine,nafine,ip,xen,Cortie Prestwich takes drug fenof,Cortie Prestwich takes drug metoprol,Wilt Reames takes drug amlodip,Wilt Reames takes drug cytarabine,Wilt Reames takes drug amoxicillin AND,Wilt Reames takes drug amlodip,Wilt Reames takes drug clozapine,Wilt Reames takes drug terbinafine,Wilt Reames takes drug amlodip,Wilt Reames takes drug naproxen.
ibuprofen,n,ig,,ase Gl,,,h,,flud,,Myrtie Foyne takes drug riton,Myrtie Foy takes drug lamotrig,Myrtie Foy takes drug ezet,Myrtie Foy is taken for disease Gl,Myrtie Foy takes drug dicl,Myrtie Foy takes drug gemtuz,Mollie O'Hanlon takes drug ch,Mollie O'Loughlin takes drug,Mollie O'Connell takes drug flud,Mollie O'Sulis takes drug
naproxen,g metoprolol,g ibuprofen,g celecoxib,g metoprolol,g risperidone,g haloperidol,g diclof,g risperidone,g diclof,g duloxet,Carry Hanbury takes drug metoprolol,Carry Hanbury takes drug ibuprofen,Carry Hanbury takes drug celecoxib.,Carry Hanbury takes drug metoprolol,Carry Hanbury takes drug risperidone,Carry Hanbury takes drug haloperidol,Carry Hanbury takes drug diclof,Carry Hanbury takes drug risperidone,Carry Hanbury takes drug diclof,Carry Hanbury takes drug duloxet
acetaminophen,nasiden,abumet,-m,aproxen,xen,pine,fen,onazole,rbide mon,etine,Sallyann Jarad takes drug enasiden,Sallyann Jarad takes drug nabumet,Sallyann Jarad takes drug l-m,Sallyann Jarad takes drug naproxen,"Dylan Lear takes drug naproxen.
",Dylan Lear takes drug clozapine.,Dylan Lear takes drug diclofen,Dylan Lear takes drug ketoconazole.,Dylan Lear takes drug isosorbide mon,Dylan Lear takes drug duloxetine
diclofenac,osuv,iazepam,armustine,bupro,isperid,ulox,exameth,elecoxib,aspirin,ert,Joey Carpmile takes drug rosuv,Joey Carpmile takes drug diazepam,Joey Carpmile takes drug carmustine,Joey Carpmile takes drug ibupro,Joey Carpmile takes drug risperid,Joey Carpmile takes drug dulox,Joey Carpmile takes drug dexameth,Joey Carpmile takes drug celecoxib,Kissie Joirett takes drug aspirin.,Kissie Joirew takes drug sert
nabumetone,delth,etoconaz,clozap,nabumet,risperid,midostaur,loraz,dulox,terbina,naproxen,Kissie Joire takes drug idelth,Kissie Joire takes drug ketoconaz,Kassia Demetr takes drug clozap,Kassia Demetr takes drug nabumet,Kassia Demetr takes drug risperid,Kassia Demetr takes drug midostaur,Kassia Demetr takes drug loraz,Kassia Demetr takes drug dulox,Kassia Demetr takes drug terbina,Kassia Demetr takes drug naproxen
ibuprofen,enofib,luoxetine,luoxetine,ituxim,nasidenib,luoxetine,ludar,spirin,enof,amivud,Mason Pineaux takes drug fenofib,Mason Pineaux takes drug fluoxetine,Mason Pineaux takes drug fluoxetine,Mason Pineaux takes drug rituxim,Mason Pineaux takes drug enasidenib,Mason Pineaux takes drug fluoxetine,Flossy Brogan takes drug fludar,"Flossy Brogan takes drug aspirin.
",Flossy Brogan takes drug fenof,Flossy Brogan takes drug lamivud
naproxen,meloxicam,clozap,ritux,aripip,lurasid,queti,acetaminophen,dicl,prednisone,ritonav,Titus Meecher takes drug meloxicam,Titus Meecher takes drug clozap,Titus Meecher takes drug ritux,Titus Meecher takes drug aripip,Titus Meecher takes drug lurasid,Titus Meecher takes drug queti,Titus Meecher takes drug acetaminophen,Titus Meecher takes drug dicl,Titus Meecher takes drug prednisone,Titus Meecher takes drug ritonav
acetaminophen,lamivud,clozap,ritonav,dicl,aproxen,icl,torv,omalid,etoconaz,isperid,Mariann Moogan takes drug lamivud,Mariann Moogan takes drug clozap,Mariann Moogan takes drug ritonav,Mariann Moogan takes drug dicl,Caria Risdall takes drug naproxen,Caria Risdall takes drug dicl,Caria Risdall takes drug atorv,Caria Risdall takes drug pomalid,Caria Risdall takes drug ketoconaz,Caria Risdall takes drug risperid
diclofenac,ibupro,cytarab,loraz,asenap,dicl,prednisone,cytarab,lurasid,lterit,dexomer,Kayle Perrigo takes drug ibupro,Kayle Perrigo takes drug cytarab,Kayle Perrigo takes drug loraz,Kayle Perrigo takes drug asenap,Kayle Perrigo takes drug dicl,Kayle Perrigo takes drug prednisone,Kayle Perrigo takes drug cytarab,Kayle Perrigo takes drug lurasid,Otis Scotti takes drug gilterit,Otis Scotti takes drug cadexomer
nabumetone,speridone,rasidone,rug oxcarbaz,rug aripam,rug paliperid,rug amlod,rug ketoconaz,rug haloperid,rug dulox,rug fludar,Otis Scotti takes drug risperidone,Otis Scotti takes drug lurasidone,Othelia Lichfield takes drug oxcarbaz,Othelia Lichfield takes drug aripam,Othelia Lichfield takes drug paliperid,Othelia Lichfield takes drug amlod,Othelia Lichfield takes drug ketoconaz,Othelia Lichfield takes drug haloperid,Othelia Lichfield takes drug dulox,Othelia Lichfield takes drug fludar
ibuprofen,drug aspirin,ug cycloph,drug clon,drug melph,drug risper,ug riton,s drug,s drug,s drug,s drug,Padget O'Dempsey takes drug aspirin.,Padget O'Demir takes drug cycloph,Padget O'Dempsey takes drug clon,Padget O'Dempsey takes drug melph,Padget O'Dempsey takes drug risper,Padget O'Demar takes drug riton,Kristoffer Kitchin takes drug chondroit,Kristoffer Kitchin takes drug carbamazep,Kristoffer Kitchin takes drug carbamazep,Kristoffer Kitchin takes drug queti
naproxen,,,,,,l,,rin,,v,Lorrayne Kostenley takes drug,Lorrayne Kall takes drug lor,Lorrayne Kitchin takes drug p,Lorrayne Kiefs takes drug ris,Lorrayne Korn takes drug bort,Lorrayne Kitchin takes drug cl,Lorrayne Kann takes drug prav,Lorrayne Kunt takes drug aspirin.,Lorrayne Kowalski takes drug,Lorrayne Koop takes drug lamiv
acetaminophen,cl,r,drug,l,isper,loz,rav,iton,ar,arbamaz,Gavrielle Sartin takes drug cl,Gavrielle Sorens takes drug r,Gavrielle Sibblesmith takes drug,Gavrielle Smeds takes drug al,Maye De Zamudie takes drug risper,Maye De Zamudio takes drug cloz,Maye De Zamudio takes drug prav,Maye De Zamudio takes drug riton,Maye De Zamudio takes drug dar,Maye De Zamudio takes drug carbamaz
diclofenac,,r,z,,z,,,,m,e,Addie Clancey takes drug pravast,Addie Clancey takes drug midostaur,Addie Clancey takes drug ketoconaz,Addie Clancey takes drug dulox,Addie Clancey takes drug ketoconaz,Addie Clancey takes drug amlod,Addie Clancey takes drug fluoxet,Addie Clancey takes drug alpraz,Jody Philpin takes drug citalopram,Jody Philpin takes drug cytarabine
nabumetone,lidom,dip,oxap,aproxen,aproxen,bupro,ytarab,ludar,ytarab,aloperid,Jody Philpin takes drug pomalidom,Jody Philpin takes drug amlodip,Palmer Swindley takes drug loxap,Palmer Swindley takes drug naproxen,Palmer Swindley takes drug naproxen,Palmer Swindley takes drug ibupro,Palmer Swindley takes drug cytarab,Palmer Swindley takes drug fludar,Palmer Swindley takes drug cytarab,Palmer Swindley takes drug haloperid
ibuprofen,drug cytarab,drug amlod,drug acetaminophen,drug olanz,drug carbamazep,drug lurasid,ic,,et,ml,Patty Golden of Ireland takes drug cytarab,Patty Golden of Ireland takes drug amlod,Patty Golden of Ireland takes drug acetaminophen,Patty Golden of Ireland takes drug olanz,Patty Golden of Ireland takes drug carbamazep,Patty Golden of Ireland takes drug lurasid,Vivian Colichead takes drug dic,Vivian Colicos takes drug dul,Vivian Colicompe takes drug ket,Vivian Colicchio takes drug aml
naproxen,loxap,amlod,risperid,rosuv,loxap,alpraz,dulox,diazepam,naproxen,dulox,Angus Stobbes takes drug loxap,Angus Stobbes takes drug amlod,Angus Stobbes takes drug risperid,Angus Stobbes takes drug rosuv,Angus Stobbes takes drug loxap,Angus Stobbes takes drug alpraz,Angus Stobbes takes drug dulox,Angus Stobbes takes drug diazepam,Angus Stobbes takes drug naproxen,Angus Stobbes takes drug dulox
acetaminophen,fludar,amlod,dicl,nabumet,g citalop,g ketoconaz,g cytarab,g risperid,g chondroit,g risperid,Brose Vinten takes drug fludar,Brose Vinten takes drug amlod,Brose Vinten takes drug dicl,Brose Vinten takes drug nabumet,Horton Yakunin takes drug citalop,Horton Yakunin takes drug ketoconaz,Horton Yakunin takes drug cytarab,Horton Yakunin takes drug risperid,Horton Yakunin takes drug chondroit,Horton Yakunin takes drug risperid
diclofenac,rug quetiap,rug quetiap,rug aspirin,rug rosuvast,rug gemtuzum,rug olanzap,rug ezetim,rug ezetim,bort,cl,Bernardo Andreasen takes drug quetiap,Bernardo Andreasen takes drug quetiap,"Bernardo Andreasen takes drug aspirin.
Pat",Bernardo Andreasen takes drug rosuvast,Bernardo Andreasen takes drug gemtuzum,Bernardo Andreasen takes drug olanzap,Bernardo Andreasen takes drug ezetim,Bernardo Andreasen takes drug ezetim,Lorene Andraham takes drug bort,Lorene Andra takes drug dicl
nabumetone,,,p,av,av,,trex,z,ud,id,Lorene Andrae takes drug terb,Lorene Andra takes drug dicl,Brooks Braben takes drug aripip,Brooks Braben takes drug ritonav,Brooks Braben takes drug ritonav,Brooks Braben takes drug olanz,Brooks Braben takes drug methotrex,Brooks Braben takes drug alpraz,Brooks Braben takes drug lamivud,Brooks Braben takes drug lurasid
lamivudine,g dicl,g metoprol,g dulox,g gilter,g ritonav,g ritonav,lof,oxet,roxen,oxet,Andrea Boutellier takes drug dicl,Andrea Boutellier takes drug metoprol,Andrea Boutellier takes drug dulox,Andrea Boutellier takes drug gilter,Andrea Boutellier takes drug ritonav,Andrea Boutellier takes drug ritonav,Luigi Kidson takes drug diclof,Luigi Kidson takes drug duloxet,Luigi Kidson takes drug naproxen.,Luigi Kidson takes drug duloxet
efavirenz AND emtricitabine AND tenofovir,iacin,icl,icl,ortez,isperid,ludar,arbamazep,bupro,bupro,lozap,Erin Quibell takes drug niacin,Erin Quibell takes drug dicl,Erin Quibell takes drug dicl,Erin Quibell takes drug bortez,Erin Quibell takes drug risperid,Erin Quibell takes drug fludar,Erin Quibell takes drug carbamazep,Erin Quibell takes drug ibupro,Erin Quibell takes drug ibupro,Erin Quibell takes drug clozap
ritonavir,ug fludar,ug ritonav,ug alpraz,ug alpraz,rin Patient,ium Patient,xetine,dipine,conazole,fibric,Kingsley Westmerland takes drug fludar,Kingsley Westmerland takes drug ritonav,Kingsley Westmerland takes drug alpraz,Kingsley Westmerland takes drug alpraz,"Chip Deniseau takes drug aspirin.
Patient","Chip Deniseau takes drug lithium.
Patient",Chip Deniseau takes drug fluoxetine.,Chip Deniseau takes drug amlodipine,Chip Deniseau takes drug ketoconazole.,Chip Deniseau takes drug fenofibric
emtricitabine AND tenofovir,g ibupro,g prednisone,g lamivud,g ketoconaz,g dulox,g ibupro,g nabumet,g terbina,melphalan,nitroglycerin,Theobald Posen takes drug ibupro,Theobald Posen takes drug prednisone,Theobald Posen takes drug lamivud,Theobald Posen takes drug ketoconaz,Theobald Posen takes drug dulox,Theobald Posen takes drug ibupro,Theobald Posen takes drug nabumet,Theobald Posen takes drug terbina,Luther Guise takes drug melphalan.,Luther Guise takes drug nitroglycerin
tenofovir,isosorbide,rosuvast,drug vincrist,drug ritonav,drug emtric,drug aspirin,drug alpraz,drug aspirin,drug naproxen,drug l-m,Luther Guise takes drug isosorbide,Luther Guise takes drug rosuvast,Constantia Morison takes drug vincrist,Constantia Morison takes drug ritonav,Constantia Morison takes drug emtric,"Constantia Morison takes drug aspirin.
",Constantia Morison takes drug alpraz,"Constantia Morison takes drug aspirin.
",Constantia Morison takes drug naproxen,Constantia Morison takes drug l-m
abacavir,,,e,,,,mustine,perid,tuz,alid,Asa Wale takes drug amlodip,Asa Wale takes drug decitabine,Asa Wale takes drug carbamazepine,Asa Wale takes drug pravastatin,Asa Wale takes drug ketoconazole,Asa Wale takes drug pravastatin,Clemens Allington takes drug carmustine,Clemens Allington takes drug risperid,Clemens Allington takes drug gemtuz,Clemens Allington takes drug pomalid
meloxicam,g,aminophen,deg,aprox,d,tar,conaz,arbamaz,in,rist,Broddy Kelbarky takes drug g,Broddy Kelb takes drug acetaminophen,Broddy Kelb takes drug glasdeg,Broddy Kelbick takes drug naprox,Broddy Kelb takes drug amlod,Broddy Kelbry takes drug cytar,Broddy Kelb takes drug ketoconaz,Broddy Kelbich takes drug carbamaz,Broddy Kelb takes drug niacin,Broddy Kelb takes drug vincrist
diclofenac,clozap,idelalis,citalop,amlod,bumetone,talopram,lphalan,anzap,xamethas,tonavir,Thorstein Verecker takes drug clozap,Thorstein Verecker takes drug idelalis,Thorstein Verecker takes drug citalop,Thorstein Verecker takes drug amlod,Odelinda Patrick takes drug nabumetone,Odelinda Patrick takes drug citalopram,Odelinda Patrick takes drug melphalan.,Odelinda Patrick takes drug olanzap,Odelinda Patrick takes drug dexamethas,Odelinda Patrick takes drug ritonavir
naproxen,lodip,tuxim,razep,nofib,onazep,talopram,dexomer,udarab,taminophen,alop,Gregorio Earle takes drug amlodip,Gregorio Earle takes drug rituxim,Gregorio Earle takes drug lorazep,Gregorio Earle takes drug fenofib,Gregorio Earle takes drug clonazep,Gregorio Earle takes drug citalopram,Gregorio Earle takes drug cadexomer,Gregorio Earle takes drug fludarab,Peirce Pandya takes drug acetaminophen,Peirce Pandya takes drug citalop
ibuprofen,lozap,ulox,uetiap,omalidom,italopram,buprofen,isdexam,itonavir,britumom,rednisone,Peirce Pandya takes drug clozap,Peirce Pandya takes drug dulox,Marlo Walwood takes drug quetiap,Marlo Walwood takes drug pomalidom,Marlo Walwood takes drug citalopram,Marlo Walwood takes drug ibuprofen,Marlo Walwood takes drug lisdexam,Marlo Walwood takes drug ritonavir,Marlo Walwood takes drug ibritumom,Marlo Walwood takes drug prednisone.
celecoxib,rug ketocon,rug ibup,rug bort,rug olan,rug chond,rug carbamaz,ug is,ug aspirin,aten,riton,Whitney McTerlise takes drug ketocon,Whitney McTerlagh takes drug ibup,Whitney McTerlagh takes drug bort,Whitney McTerlant takes drug olan,Whitney McTerlagh takes drug chond,Whitney McTerlach takes drug carbamaz,Terri-jo Pottram takes drug is,Terri-jo Piggott takes drug aspirin,Terri-jo Paine takes drug aten,Terri-jo Pott takes drug riton
chondroitin AND glucosamine,rituxim,pomalidom,sertraline,ketoconazole,diclof,ritonavir,fenofib,quetiap,cytarabine,amlodip,Darius Huntly takes drug rituxim,Darius Huntly takes drug pomalidom,Darius Huntly takes drug sertraline,Darius Huntly takes drug ketoconazole,Darius Huntly takes drug diclof,Darius Huntly takes drug ritonavir,Darius Huntly takes drug fenofib,Darius Huntly takes drug quetiap,Darius Huntly takes drug cytarabine,Darius Huntly takes drug amlodip
diclofenac,zep,n,sidone,rolol,fen,enib,ine,ol,atin,vir,Lombard Rapp takes drug clonazep,Lombard Rapp takes drug niacin.,Lombard Rapp takes drug ziprasidone,Lombard Rapp takes drug metoprolol,Gaven Goney takes drug ibuprofen,Gaven Goney takes drug enasidenib,Gaven Goney takes drug clozapine,Gaven Goney takes drug alprazol,Gaven Goney takes drug lovastatin.,Gaven Goney takes drug ritonavir
etodolac,on,l,ar,mt,el,l,r,niac,,,Erena Pepperdine takes drug clon,Erena Pepperdine takes drug dul,Erena Pepperdle takes drug cytar,Erena Pepperdine takes drug gemt,Erena Pepperdene takes drug idel,Erena Pepperdine takes drug gil,Erena Pepperdine takes drug lor,Erena Pepperdangelo takes drug niac,Bax Ould takes drug olanzap,Bax Ould takes drug fenofib
prednisone,rolol,rub,amivudine,ytarabine,buprofen,lozapine,nasidenib,faviren,iclof,etoconazole,Bax Ould takes drug metoprolol,Bax Ould takes drug daunorub,Braden Eteen takes drug lamivudine,Braden Eteen takes drug cytarabine,Braden Eteen takes drug ibuprofen,Braden Eteen takes drug clozapine,Braden Eteen takes drug enasidenib,Braden Eteen takes drug efaviren,Braden Eteen takes drug diclof,Braden Eteen takes drug ketoconazole
aspirin,rug gemfib,rug idelalis,rug loraz,rug dulox,rug naproxen,rug risperid,g carbamazepine,g vincristine,g carbamazepine,g duloxet,Alisa Dillintone takes drug gemfib,Alisa Dillintone takes drug idelalis,Alisa Dillintone takes drug loraz,Alisa Dillintone takes drug dulox,Alisa Dillintone takes drug naproxen,Alisa Dillintone takes drug risperid,Jordan Fierman takes drug carbamazepine,Jordan Fierman takes drug vincristine,Jordan Fierman takes drug carbamazepine,Jordan Fierman takes drug duloxet
nabumetone,citalop,ed for,lamivud,loxap,alpraz,lurasid,atenol,niacin,idelalis,melphalan,Orin Knevet takes drug citalop,Orin Knevet is prescribed for disease Multiple,Orin Knevet takes drug lamivud,Orin Knevet takes drug loxap,Orin Knevet takes drug alpraz,Orin Knevet takes drug lurasid,Orin Knevet takes drug atenol,Orin Knevet takes drug niacin,Orin Knevet takes drug idelalis,Orin Knevet takes drug melphalan
duloxetine,amlod,idelalis,midostaur,loraz,diclof,gilterit,ritonavir,glasdegib,paliperidone,ibritumom,Hakeem Vidler takes drug amlod,Hakeem Vidler takes drug idelalis,Hakeem Vidler takes drug midostaur,Hakeem Vidler takes drug loraz,Cassie Sudran takes drug diclof,Cassie Sudran takes drug gilterit,Cassie Sudran takes drug ritonavir,Cassie Sudran takes drug glasdegib,Cassie Sudran takes drug paliperidone,Cassie Sudran takes drug ibritumom
terbinafine,onaz,ug aml,emt,mlod,rug quet,ravast,fluox,lozap,g dic,g dexam,Gabrila Dorn took drug clonaz,Gabrila Dornfeld takes drug aml,Gabrila Dorna takes drug emt,Gabrila Dorn takes drug amlod,Gabrila Dornberry takes drug quet,Gabrila Dorn takes drug pravast,Gabrila Dornan takes drug fluox,Gabrila Dorn takes drug clozap,Jeniffer Obispo takes drug dic,Jeniffer Obispo takes drug dexam
terbinafine,ug cloz,ug isos,aspirin,midostaur,acetaminophen,efav,dicl,aspirin,cytarab,queti,Jeniffer Obispo takes drug cloz,Jeniffer Obispo takes drug isos,"Nance Fildes takes drug aspirin.
",Nance Fildes takes drug midostaur,Nance Fildes takes drug acetaminophen,Nance Fildes takes drug efav,Nance Fildes takes drug dicl,"Nance Fildes takes drug aspirin.
",Nance Fildes takes drug cytarab,Nance Fildes takes drug queti
collagenase,rmust,tar,ras,tal,,miv,,b,,v,Cloe Durtnall takes drug carmust,Cloe Durtnall takes drug cytar,Cloe Durtnall takes drug luras,Cloe Durtnall takes drug cital,Cloe Durtn takes drug ezet,Cloe Durtnall takes drug lamiv,Dinny Sibby takes drug bort,Dinny Sibbes takes drug terb,Dinny Sibbs takes drug isos,Dinny Sibberton takes drug v
becaplermin,rug risper,ug vinc,ug aml,ug alp,rug naprox,drug l-,rug isos,ug vinc,ug armod,ug niac,Maryjo Ollarenne takes drug risper,Maryjo Ollarenn takes drug vinc,Maryjo Ollarenk takes drug aml,Maryjo Ollarens takes drug alp,Maryjo Ollarenne takes drug naprox,Maryjo Ollarenbos takes drug l-,Maryjo Ollarenco takes drug isos,Maryjo Ollarens takes drug vinc,Maryjo Ollarena takes drug armod,Maryjo Ollarens takes drug niac
cadexomer iodine,rug aml,rug meloxic,lurasid,g cital,nabumetone,emtricit,efaviren,lamivudine,acetaminophen,efaviren,Matelda Collymore takes drug aml,Matelda Collymore takes drug meloxic,Matelda Colly takes drug lurasid,Matelda Collyer takes drug cital,Felicio McCory takes drug nabumetone,Felicio McCory takes drug emtricit,Felicio McCory takes drug efaviren,Felicio McCory takes drug lamivudine,Felicio McCory takes drug acetaminophen.,Felicio McCory takes drug efaviren
modafinil,naproxen,lamotrig,celecoxib,cytarab,amlod,ug dic,fluoxet,amlod,g rit,g paliper,Devina Vittet takes drug naproxen,Devina Vittet takes drug lamotrig,Devina Vittet takes drug celecoxib,Devina Vittet takes drug cytarab,Devina Vittet takes drug amlod,Devina Vittetts takes drug dic,Devina Vittet takes drug fluoxet,Devina Vittet takes drug amlod,Loretta Weblin takes drug rit,Loretta Weblin takes drug paliper
duloxetine,,st,,g,a,,a,,,v,Loretta Weblin takes drug enas,Loretta Weblin takes drug lovast,Alvie Mitkin takes drug cadex,Alvie Mitkin takes drug glasdeg,Alvie Mitkin takes drug terbina,Alvie Mitkin takes drug emtric,Alvie Mitkin takes drug terbina,Alvie Mitkin takes drug fluvox,Alvie Mitkin takes drug daunor,Alvie Mitkin takes drug ritonav
lisdexamfetamine,oxicam,asid,zepam,ti,alop,oxet,ram,urin,n,one,Magda Reichelt takes drug meloxicam,Magda Reichelt takes drug lurasid,Magda Reichelt takes drug diazepam,Magda Reichelt takes drug queti,Magda Reichelt takes drug citalop,Magda Reichelt takes drug fluoxet,Alaine Ace takes drug citalopram.,Alaine Ace takes drug midostaurin.,"Alaine Ace takes drug naproxen.
","Alaine Ace takes drug prednisone.
"
amantadine,niacin,celecoxib,gilter,gilter,fluoxet,risperid,amlod,risperid,vincrist,ibritum,Clareta Darinton takes drug niacin,Clareta Darinton takes drug celecoxib,Clareta Darinton takes drug gilter,Clareta Darinton takes drug gilter,Clareta Darinton takes drug fluoxet,Clareta Darinton takes drug risperid,Clareta Darinton takes drug amlod,Clareta Darinton takes drug risperid,Clareta Darinton takes drug vincrist,Clareta Darinton takes drug ibritum
armodafinil,l,d,d,mant,conaz,,nav,erid,oxen,orb,Giorgia Cullan takes drug dul,Giorgia Cullinane takes drug d,Giorgia Cullinane takes drug d,Giorgia Cullard takes drug amant,Shalne Malin takes drug ketoconaz,Shalne Malin takes drug dicl,Shalne Malin takes drug ritonav,Shalne Malin takes drug risperid,Shalne Malin takes drug naproxen,Shalne Malin takes drug isosorb
ketoconazole,ivudine,lof,mustine,oconazole,alopram,razol,lof,cin AND,oxicam,oxicam,Joice Blakeway takes drug lamivudine,Joice Blakeway takes drug diclof,Joice Blakeway takes drug carmustine.,Joice Blakeway takes drug ketoconazole,Joice Blakeway takes drug citalopram,Joice Blakeway takes drug alprazol,Joice Blakeway takes drug diclof,Joice Blakeway takes drug niacin AND,Kathy Marikhin takes drug meloxicam,Kathy Marikhin takes drug meloxicam
terbinafine,risperid,rosuv,upro,ritum,ondroit,sperid,toprol,rasid,sperid,talop,Kathy Marikhin takes drug risperid,Kathy Marikhin takes drug rosuv,Herb Elnough takes drug ibupro,Herb Elnough takes drug ibritum,Herb Elnough takes drug chondroit,Herb Elnough takes drug risperid,Herb Elnough takes drug metoprol,Herb Elnough takes drug lurasid,Herb Elnough takes drug risperid,Herb Elnough takes drug citalop
ketoconazole,mustine,dul,las,ostaur,metop,mustine,lofen,umetone,teritin,irin Patient,Muffin Vany takes drug carmustine,Muffin Vanyard takes drug dul,Muffin Vanyak takes drug glas,Muffin Vany takes drug midostaur,Muffin Vanyard takes drug metop,Muffin Vany takes drug carmustine,Glyn Bruins takes drug diclofen,Glyn Bruins takes drug nabumetone.,Glyn Bruins takes drug gilteritin,"Glyn Bruins takes drug aspirin.
Patient"
terbinafine,orbide mon,rofen,dipine,droitin AND,prolol,xomer iodine,amazepine,amazepine,xicam,rabine,Jena Eck takes drug isosorbide mon,Jena Eck takes drug ibuprofen.,Jena Eck takes drug amlodipine,Jena Eck takes drug chondroitin AND,Jena Eck takes drug metoprolol.,Jena Eck takes drug cadexomer iodine,Jena Eck takes drug carbamazepine.,Jena Eck takes drug carbamazepine.,"Jena Eck takes drug meloxicam.
",Jena Eck takes drug cytarabine.
quetiapine,ripip,isdex,etoprol,omalid,in,ina,conaz,rab,oxen,,Reube Biddell takes drug aripip,Reube Biddell takes drug lisdex,Reube Biddell takes drug metoprol,Reube Biddell takes drug pomalid,Sylvan Meo takes drug niacin,Sylvan Meo takes drug terbina,Sylvan Meo takes drug ketoconaz,Sylvan Meo takes drug cytarab,Sylvan Meo takes drug naproxen,Sylvan Meo takes drug dicl
lamotrigine,citalop,clozap,ritonav,pomalid,ketoconaz,risperid,clozap,nabumet,pomalid,bortez,Patty Zoppie takes drug citalop,Patty Zoppie takes drug clozap,Patty Zoppie takes drug ritonav,Patty Zoppie takes drug pomalid,Patty Zoppie takes drug ketoconaz,Patty Zoppie takes drug risperid,Patty Zoppie takes drug clozap,Patty Zoppie takes drug nabumet,Averyl Galia takes drug pomalid,Averyl Galia takes drug bortez
lithium,rug amantad,rug amlod,ug naproxen,ug ketoconazole,ug cytarabine,ug diclof,ug lisdexam,ug duloxet,ug citalopram,ug terbinafine,Averyl Galia takes drug amantad,Averyl Galia takes drug amlod,Crin Chevis takes drug naproxen.,Crin Chevis takes drug ketoconazole,Crin Chevis takes drug cytarabine,Crin Chevis takes drug diclof,Crin Chevis takes drug lisdexam,Crin Chevis takes drug duloxet,Crin Chevis takes drug citalopram,Crin Chevis takes drug terbinafine
risperidone,lodip,uprofen,ncristine,thotrexate,ndithym,razep,g bortezom,g aripipraz,g terbinafine,g ibritumom,Farly Arnet takes drug amlodip,Farly Arnet takes drug ibuprofen,Farly Arnet takes drug vincristine,Farly Arnet takes drug methotrexate,Farly Arnet takes drug londithym,Farly Arnet takes drug lorazep,Frankie Spurway takes drug bortezom,Frankie Spurway takes drug aripipraz,Frankie Spurway takes drug terbinafine,Frankie Spurway takes drug ibritumom
fluoxetine,pirin,inc,et,x,tal,d,vud,nc,l,rin,Ebenezer Alyce takes drug aspirin.,Ebenezer Alyman takes drug vinc,Ebenezer Alyas takes drug quet,Ebenezer Aly takes drug dulox,Ebenezer Alyan takes drug cital,Ebenezer Alypius takes drug d,Ebenezer Aly takes drug lamivud,Ebenezer Alyce takes drug vinc,Ebenezer Alyes takes drug aml,"Ebenezer Aly takes drug aspirin.
"
olanzapine,cytar,ketoconaz,pomalid,terbina,g prav,naprox,cital,g rosu,naprox,methot,Peyter Spacyk takes drug cytar,Peyter Spacy takes drug ketoconaz,Peyter Spacy takes drug pomalid,Peyter Spacy takes drug terbina,Carr Wyllcocks takes drug prav,Carr Wyllcoss takes drug naprox,Carr Wyllcuff takes drug cital,Carr Wyllcocks takes drug rosu,Carr Wyllcow takes drug naprox,Carr Wyllczyk takes drug methot
buspirone,cetaminophen,etoconaz,isperid,erbina,ueti,sosorb,etoprol,fav,terbina,isosorb,Dore Blondell takes drug acetaminophen,Dore Blondell takes drug ketoconaz,Dore Blondell takes drug risperid,Dore Blondell takes drug terbina,Dore Blondell takes drug queti,Dore Blondell takes drug isosorb,Dore Blondell takes drug metoprol,Dore Blondell takes drug efav,Galina Almeida takes drug terbina,Galina Almeida takes drug isosorb
clonazepam,clozap,haloperid,prednisone,loraz,dicl,dulox,enoxap,carbamazep,pomalid,queti,Galina Almeida takes drug clozap,Galina Almeida takes drug haloperid,Derwin Jezzard takes drug prednisone,Derwin Jezzard takes drug loraz,Derwin Jezzard takes drug dicl,Derwin Jezzard takes drug dulox,Derwin Jezzard takes drug enoxap,Derwin Jezzard takes drug carbamazep,Derwin Jezzard takes drug pomalid,Derwin Jezzard takes drug queti
sertraline,ketoconaz,enoxap,dicl,clozap,ritonav,dicl,prednisone,lamivud,risperid,ezet,Jermaine Escott takes drug ketoconaz,Jermaine Escott takes drug enoxap,Jermaine Escott takes drug dicl,Jermaine Escott takes drug clozap,Jermaine Escott takes drug ritonav,Jermaine Escott takes drug dicl,Jeanne Moncreif takes drug prednisone,Jeanne Moncreif takes drug lamivud,Jeanne Moncreif takes drug risperid,Jeanne Moncreif takes drug ezet
aripiprazole,ug ibrit,paliper,aspirin,dul,ug f,risper,terb,cytar,g r,cloz,Mordecai Regerson takes drug ibrit,Mordecai Regis takes drug paliper,Mordecai Regier takes drug aspirin.,Mordecai Regler takes drug dul,Mordecai Reginald takes drug f,Mordecai Regis takes drug risper,Mordecai Regis takes drug terb,Mordecai Regis takes drug cytar,Mordecai Regnier takes drug r,Mordecai Regens takes drug cloz
topiramate,bumetone,uprofen,uoxetine,bumetone,risperidone,quetiap,risperidone,acetaminophen,nabumetone,risperidone,Kingsly Micco takes drug nabumetone,Kingsly Micco takes drug ibuprofen,Kingsly Micco takes drug fluoxetine,Kingsly Micco takes drug nabumetone,Lydia Rathbourne takes drug risperidone,Lydia Rathbourne takes drug quetiap,Lydia Rathbourne takes drug risperidone,Lydia Rathbourne takes drug acetaminophen.,Lydia Rathbourne takes drug nabumetone,Lydia Rathbourne takes drug risperidone
diazepam,queti,terbina,haloperid,gilter,clozap,ibupro,citalop,cytarab,ueti,itroglycer,Clayborn Sneller takes drug queti,Clayborn Sneller takes drug terbina,Clayborn Sneller takes drug haloperid,Clayborn Sneller takes drug gilter,Clayborn Sneller takes drug clozap,Clayborn Sneller takes drug ibupro,Clayborn Sneller takes drug citalop,Clayborn Sneller takes drug cytarab,Claudina Grane takes drug queti,Claudina Grane takes drug nitroglycer
lorazepam,cytarab,dicl,naproxen,risperid,ibrut,carbamazep,gemtuz,nabumet,acetaminophen,prednisone,Claudina Grane takes drug cytarab,Claudina Grane takes drug dicl,Butch Shakelade takes drug naproxen,Butch Shakelade takes drug risperid,Butch Shakelade takes drug ibrut,Butch Shakelade takes drug carbamazep,Butch Shakelade takes drug gemtuz,Butch Shakelade takes drug nabumet,Butch Shakelade takes drug acetaminophen,Butch Shakelade takes drug prednisone
escitalopram,iap,xet,oxen,nazole,aminophen,iap,roxen,nol,nap,os,Risa Elce takes drug quetiap,Risa Elce takes drug duloxet,Risa Elce takes drug naproxen.,Risa Elce takes drug miconazole,Risa Elce takes drug acetaminophen.,Risa Elce takes drug quetiap,Suki McVie takes drug naproxen,Suki McVie takes drug atenol,Suki McViellar takes drug nap,Suki McViey takes drug isos
divalproex sodium,ric,ap,ox,gil,carbamaz,dar,,dnisone,risper,roxen,Claudian Whyt takes drug emtric,Claudian Whyt takes drug loxap,Claudian Whyt takes drug dulox,Claudian Whytock takes drug gil,Claudian Whytman takes drug carbamaz,Claudian Whyt takes drug fludar,"Claudian Whyt, MD, a card",Claudian Whyt takes drug prednisone,Claudian Whytoun takes drug risper,Claudian Whyt takes drug naproxen
alprazolam,ketoconaz,fludar,chondroit,carfilz,g e,rbina,ncrist,xap,lox,rtez,Fallon Inchley takes drug ketoconaz,Fallon Inchley takes drug fludar,Fallon Inchley takes drug chondroit,Fallon Inchley takes drug carfilz,Phelia Febenbeel takes drug e,Phelia Feben takes drug terbina,Phelia Feben takes drug vincrist,Phelia Feben takes drug loxap,Phelia Feben takes drug dulox,Phelia Feben takes drug bortez
clozapine,rug meloxic,citalop,paliperid,rug lisd,rug enas,loraz,carmustine,ug dul,g pomalidom,g carbamazepine,Borden Cartmaier takes drug meloxic,Borden Cartma takes drug citalop,Borden Cartma takes drug paliperid,Borden Cartmaier takes drug lisd,Borden Cartmaier takes drug enas,Borden Cartma takes drug loraz,Borden Cartma takes drug carmustine,Borden Cartmaey takes drug dul,Paten Bonfield takes drug pomalidom,Paten Bonfield takes drug carbamazepine
oxcarbazepine,lonazep,buprofen,arbamazepine,iclof,incristine,enofib,mantadine,lozapine,amivudine,ivalproex,Paten Bonfield takes drug clonazep,Paten Bonfield takes drug ibuprofen,Bibi Corbridge takes drug carbamazepine,Bibi Corbridge takes drug diclof,Bibi Corbridge takes drug vincristine,Bibi Corbridge takes drug fenofib,Bibi Corbridge takes drug amantadine,Bibi Corbridge takes drug clozapine,Bibi Corbridge takes drug lamivudine,Bibi Corbridge takes drug divalproex
citalopram,lof,ethy,alopram,dexam,oxet,ricit,ug naproxen,ug ketoconazole,ug duloxet,ug niacin,Pet Izachik takes drug diclof,Pet Izachik takes drug l-methy,Pet Izachik takes drug citalopram,Pet Izachik takes drug lisdexam,Pet Izachik takes drug duloxet,Pet Izachik takes drug emtricit,Alexandro Curwood takes drug naproxen.,Alexandro Curwood takes drug ketoconazole,Alexandro Curwood takes drug duloxet,Alexandro Curwood takes drug niacin.
haloperidol,ox,dex,g enas,ibr,risper,cycloph,fib,rit,lox,fluox,Ermina Ells takes drug dulox,Ermina Ells takes drug lisdex,Ermina Ellsfield takes drug enas,Ermina Ellsden takes drug ibr,Ermina Ellsford takes drug risper,Ermina Ellsmore takes drug cycloph,Ermina Ells takes drug gemfib,Ermina Ellsney takes drug rit,Ermina Ellsford takes drug lox,Ermina Ellsmore takes drug fluox
lurasidone,rug,kes,drug carb,rug,rug divalpro,rug citalop,rug dicl,rug cyclophosph,rug vincrist,rug queti,Rikki Blaszczyk takes drug,Rikki Blaszczykowski takes,Rikki Blaszkowski takes drug carb,Rikki Blaszczak takes drug,Annelise Kinnar takes drug divalpro,Annelise Kinnar takes drug citalop,Annelise Kinnar takes drug dicl,Annelise Kinnar takes drug cyclophosph,Annelise Kinnar takes drug vincrist,Annelise Kinnar takes drug queti
l-methylfolate,tin,one,one,ne,azole,ine,,,oconaz,perid,Allis Cale takes drug lovastatin.,Allis Cale takes drug prednisone.,Allis Cale takes drug lurasidone,Allis Cale takes drug clozapine,Allis Cale takes drug ketoconazole,Allis Cale takes drug fluoxetine,Allis Cale takes drug fenofib,Allis Cale takes drug olanzap,Adey Treamayne takes drug ketoconaz,Adey Treamayne takes drug risperid
carbamazepine,ug emtric,ug dicl,ug fen,drug r,ug quet,g terb,rug chond,rug ter,rug cytar,rug cytar,Adey Treamayne takes drug emtric,Adey Treamayne takes drug dicl,Nathalie Bilby takes drug fen,Nathalie Bilthim takes drug r,Nathalie Bilbe takes drug quet,Nathalie Bilz takes drug terb,Nathalie Bilger takes drug chond,Nathalie Bilkis takes drug ter,Nathalie Bilker takes drug cytar,Nathalie Bilman takes drug cytar
asenapine,uzum,dip,eridone,peridol,peridol,lopram,amlodip,haloperidol,quetiap,ritonavir,Harmony Gow takes drug gemtuzum,Harmony Gow takes drug amlodip,Harmony Gow takes drug risperidone,Harmony Gow takes drug haloperidol,Harmony Gow takes drug haloperidol,Harmony Gow takes drug citalopram,Glen Hearthfield takes drug amlodip,Glen Hearthfield takes drug haloperidol,Glen Hearthfield takes drug quetiap,Glen Hearthfield takes drug ritonavir
paliperidone,diazepam,celecoxib,ibrut,terbina,risperid,carbamazep,dulox,haloperid,alpraz,efav,Rina Pitrollo takes drug diazepam,Rina Pitrollo takes drug celecoxib,Rina Pitrollo takes drug ibrut,Rina Pitrollo takes drug terbina,Rina Pitrollo takes drug risperid,Rina Pitrollo takes drug carbamazep,Rina Pitrollo takes drug dulox,Rina Pitrollo takes drug haloperid,Rina Pitrollo takes drug alpraz,Rina Pitrollo takes drug efav
quetiapine,carmustine,dulox,diazepam,l-m,amazep,erid,ro,erid,,amazep,Reyna Beckinsale takes drug carmustine,Reyna Beckinsale takes drug dulox,Reyna Beckinsale takes drug diazepam,Reyna Beckinsale takes drug l-m,Tessa Bladge takes drug carbamazep,Tessa Bladge takes drug risperid,Tessa Bladge takes drug ibupro,Tessa Bladge takes drug risperid,Tessa Bladge takes drug dicl,Tessa Bladge takes drug carbamazep
lamotrigine,g nabumetone,g lamivudine,g ibuprofen,g diclof,g quetiap,g efaviren,g carbamazepine,g nabumetone,g naproxen,g aspirin,Lowell Benedit takes drug nabumetone,Lowell Benedit takes drug lamivudine,Lowell Benedit takes drug ibuprofen,Lowell Benedit takes drug diclof,Lowell Benedit takes drug quetiap,Lowell Benedit takes drug efaviren,Lowell Benedit takes drug carbamazepine,Lowell Benedit takes drug nabumetone,Joyce Bridgman takes drug naproxen,"Joyce Bridgman takes drug aspirin.
"
lithium,ritonav,metoprol,g fenof,g risperid,g ritux,g diazepam,g queti,g dicl,g asenap,g atenol,Joyce Bridgman takes drug ritonav,Joyce Bridgman takes drug metoprol,Stanton Pitrelli takes drug fenof,Stanton Pitrelli takes drug risperid,Stanton Pitrelli takes drug ritux,Stanton Pitrelli takes drug diazepam,Stanton Pitrelli takes drug queti,Stanton Pitrelli takes drug dicl,Stanton Pitrelli takes drug asenap,Stanton Pitrelli takes drug atenol
risperidone,mlodip,ytarabine,faviren,spirin Pat,ilterit,etoconazole,ameth,ric,phalan,taminophen,Kristo Cobbin takes drug amlodip,Kristo Cobbin takes drug cytarabine,Kristo Cobbin takes drug efaviren,"Kristo Cobbin takes drug aspirin.
Pat",Kristo Cobbin takes drug gilterit,Kristo Cobbin takes drug ketoconazole,Reggy Rysom takes drug dexameth,Reggy Rysom takes drug emtric,Reggy Rysom takes drug melphalan,Reggy Rysom takes drug acetaminophen
fluoxetine,clon,haloper,cital,g carmust,g cytar,thotrex,alp,g methot,g enas,aml,Francyne Shalcman takes drug clon,Francyne Shalcman takes drug haloper,Francyne Shalcke takes drug cital,Francyne Shalcocks takes drug carmust,Francyne Shalcrest takes drug cytar,Francyne Shalc takes drug methotrex,Francyne Shalcke takes drug alp,Francyne Shalcetti takes drug methot,Francyne Shalcetti takes drug enas,Francyne Shalcove takes drug aml
olanzapine,roxen,onavir,oxetine,alopram,of,mide,zep,coxib,lopram,of,"Normy Dome takes drug naproxen.
",Normy Dome takes drug ritonavir.,Normy Dome takes drug duloxetine,Normy Dome takes drug citalopram.,Bab Ashby takes drug diclof,Bab Ashby takes drug dasimide,Bab Ashby takes drug lorazep,Bab Ashby takes drug celecoxib.,Bab Ashby takes drug citalopram,Bab Ashby takes drug diclof
buspirone,ibritum,ritux,fludar,prednisone,emtric,niacin,cytarab,citalop,es drug,es drug,Kale Dunniom takes drug ibritum,Kale Dunniom takes drug ritux,Kale Dunniom takes drug fludar,Kale Dunniom takes drug prednisone,Kale Dunniom takes drug emtric,Kale Dunniom takes drug niacin,Kale Dunniom takes drug cytarab,Kale Dunniom takes drug citalop,Constantino Message takes drug niacin.,Constantino Message takes drug gilterit
clonazepam,g clozapine,g atenolol,ne,done,ir,Patient,n,lam,ine,n,Constantino Message takes drug clozapine,Constantino Message takes drug atenolol,Cy Mannagh takes drug clozapine.,Cy Mannagh takes drug risperidone.,Cy Mannagh takes drug ritonavir.,"Cy Mannagh takes drug lithium.
Patient",Cy Mannagh takes drug diclofen,Cy Mannagh takes drug alprazolam,Cy Mannagh takes drug quetiapine,"Cy Mannagh takes drug naproxen.
"
sertraline,drug cl,drug micon,es drug,drug is,s drug,s drug,ug ibup,g flud,g aspirin,lamivud,Valdemar Whalen takes drug cl,Valdemar Whiter takes drug micon,Valdemar Whittaker takes drug c,Valdemar Whigby takes drug is,Valdemar Whinwell takes drug am,Valdemar Whittman takes drug mel,Dinny Soppock takes drug ibup,Dinny Soppin takes drug flud,Dinny Sopple takes drug aspirin.,Dinny Sopp takes drug lamivud
aripiprazole,carmustine,amlod,olanz,dicl,paliperid,ritonav,risperid,clozap,lurasid,queti,Eldin Manhood takes drug carmustine,Eldin Manhood takes drug amlod,Eldin Manhood takes drug olanz,Eldin Manhood takes drug dicl,Eldin Manhood takes drug paliperid,Eldin Manhood takes drug ritonav,Eldin Manhood takes drug risperid,Eldin Manhood takes drug clozap,Eldin Manhood takes drug lurasid,Eldin Manhood takes drug queti
topiramate,amlodip,gilterit,haloperidol,duloxet,ibupro,cyclophosph,paliperid,fludar,citalop,clonaz,Cleon De Maine takes drug amlodip,Cleon De Maine takes drug gilterit,Cleon De Maine takes drug haloperidol,Cleon De Maine takes drug duloxet,Kelwin Dorward takes drug ibupro,Kelwin Dorward takes drug cyclophosph,Kelwin Dorward takes drug paliperid,Kelwin Dorward takes drug fludar,Kelwin Dorward takes drug citalop,Kelwin Dorward takes drug clonaz
diazepam,yclophosph,ertral,incrist,ludar,enof,incrist,icl,etoconaz,rug dul,g risperid,Giraud Harlin takes drug cyclophosph,Giraud Harlin takes drug sertral,Giraud Harlin takes drug vincrist,Giraud Harlin takes drug fludar,Giraud Harlin takes drug fenof,Giraud Harlin takes drug vincrist,Giraud Harlin takes drug dicl,Giraud Harlin takes drug ketoconaz,Prescott Vondrusse takes drug dul,Prescott Vondrus takes drug risperid
lorazepam,drug terb,ug amlod,spirin Pat,uetiap,italopram,ituxim,abumetone,aliperidone,faviren,spirin Pat,Prescott Vondruski takes drug terb,Prescott Vondrus takes drug amlod,"Alla Peniman takes drug aspirin.
Pat",Alla Peniman takes drug quetiap,Alla Peniman takes drug citalopram,Alla Peniman takes drug rituxim,Alla Peniman takes drug nabumetone,Alla Peniman takes drug paliperidone,Alla Peniman takes drug efaviren,"Alla Peniman takes drug aspirin.
Pat"
escitalopram,ip,ip,xet,az,rab,x,bide,afine,,bide,Arturo Bonsale takes drug aripip,Arturo Bonsale takes drug aripip,Arturo Bonsale takes drug fluoxet,Arturo Bonsale takes drug alpraz,Arturo Bonsale takes drug cytarab,Arturo Bonsale takes drug dulox,Carlen Dives takes drug isosorbide,Carlen Dives takes drug terbinafine,Carlen Dives takes drug niacin.,Carlen Dives takes drug isosorbide
divalproex sodium,luras,cytar,lozap,rug met,ug aspirin,ug e,ug f,fluox,risper,melph,Oswell Gierke takes drug luras,Oswell Giern takes drug cytar,Oswell Gier takes drug clozap,Oswell Gierchine takes drug met,Oswell Gierchow takes drug aspirin,Oswell Gierlick takes drug e,Oswell Gierloff takes drug f,Oswell Gierst takes drug fluox,Oswell Giero takes drug risper,Oswell Gierle takes drug melph
alprazolam,mlodipine,buprofen,osuvastatin,ertraline,mustine,tezom,peridone,ivudine,roxen,umetone,Ariel Merrill takes drug amlodipine,Ariel Merrill takes drug ibuprofen.,Ariel Merrill takes drug rosuvastatin,Ariel Merrill takes drug sertraline.,Carol Horry takes drug carmustine.,Carol Horry takes drug bortezom,Carol Horry takes drug risperidone,Carol Horry takes drug lamivudine,Carol Horry takes drug naproxen.,Carol Horry takes drug nabumetone
clozapine,g rit,ug riton,g paliper,emt,bort,g lisd,ug meloxic,aml,drug cytarabine,drug lamivudine,Erminie Ipgard takes drug rit,Erminie Ipgorth takes drug riton,Erminie Ipgalt takes drug paliper,Erminie Ipgel takes drug emt,Erminie Ipgel takes drug bort,Erminie Ipgard takes drug lisd,Erminie Ipglett takes drug meloxic,Erminie Ipgin takes drug aml,Carlyle Gallagher takes drug cytarabine,Carlyle Gallagher takes drug lamivudine
oxcarbazepine,ug ibuprofen,ug risperidone,ug ritonav,ug diazepam,drug carbamaz,ug queti,ug idelalis,s drug,s drug,ug gilter,Carlyle Gallagher takes drug ibuprofen,Carlyle Gallagher takes drug risperidone,Frederica Joselov takes drug ritonav,Frederica Joselov takes drug diazepam,Frederica Joselovsky takes drug carbamaz,Frederica Joselov takes drug queti,Frederica Joselov takes drug idelalis,Frederica Joselovitch takes drug paliper,Frederica Joselovitch takes drug simv,Frederica Joselov takes drug gilter
citalopram,uprofen,toprolol,dostaurin,vastatin,loxet,mivudine,vincristine,olanzap,duloxet,duloxet,Toni Aiston takes drug ibuprofen,Toni Aiston takes drug metoprolol,Toni Aiston takes drug midostaurin,Toni Aiston takes drug lovastatin.,Toni Aiston takes drug duloxet,Toni Aiston takes drug lamivudine,Perrine Danton takes drug vincristine,Perrine Danton takes drug olanzap,Perrine Danton takes drug duloxet,Perrine Danton takes drug duloxet
haloperidol,clozap,acetaminophen,risperid,terbina,citalop,cytarab,fenof,g metop,dexameth,fluoxet,Dominga Denys takes drug clozap,Dominga Denys takes drug acetaminophen,Dominga Denys takes drug risperid,Dominga Denys takes drug terbina,Dominga Denys takes drug citalop,Dominga Denys takes drug cytarab,Dominga Denys takes drug fenof,Dominga Denysen takes drug metop,Dominga Denys takes drug dexameth,Dominga Denys takes drug fluoxet
lurasidone,rb,riton,ival,abum,rtezom,mivudine,rtezom,pirin Pat,conazole,unorub,Fleurette Kenon takes drug terb,Fleurette Kenwood takes drug riton,Fleurette Kenney takes drug dival,Fleurette Kenney takes drug nabum,Bryce De Moreno takes drug bortezom,Bryce De Moreno takes drug lamivudine,Bryce De Moreno takes drug bortezom,"Bryce De Moreno takes drug aspirin.
Pat",Bryce De Moreno takes drug miconazole,Bryce De Moreno takes drug daunorub
l-methylfolate,xen,p,,,et,n,p,lis,etine,ofen,Pavla Matz takes drug naproxen,Pavla Matz takes drug enoxap,Pavla Matz takes drug cadex,Pavla Matzowitn takes drug,Pavla Matz takes drug nabumet,Pavla Matz takes drug niacin,Pavla Matz takes drug clozap,Pavla Matz takes drug idelalis,Abe Santos takes drug fluoxetine.,Abe Santos takes drug ibuprofen.
carbamazepine,pomalidomide,aripiprazole,drug idelalisib,drug lorazep,drug rituxim,drug nabumetone,drug rituxim,drug rosuvast,drug paliperidone,drug diclof,Abe Santos takes drug pomalidomide,Abe Santos takes drug aripiprazole,Randy Greystock takes drug idelalisib,Randy Greystock takes drug lorazep,Randy Greystock takes drug rituxim,Randy Greystock takes drug nabumetone,Randy Greystock takes drug rituxim,Randy Greystock takes drug rosuvast,Randy Greystock takes drug paliperidone,Randy Greystock takes drug diclof
asenapine,g cytarabine,g meloxicam,g diclof,g aspirin,g amlodip,g aspirin,drug aspirin,s drug,s drug,s drug,Isador Grist takes drug cytarabine,Isador Grist takes drug meloxicam.,Isador Grist takes drug diclof,"Isador Grist takes drug aspirin.
Pat",Isador Grist takes drug amlodip,"Isador Grist takes drug aspirin.
Pat",Brendan Bockhann takes drug aspirin.,Brendan Bockhough takes drug metop,Brendan Bockharts takes drug arip,Brendan Bockhimer takes drug ef
paliperidone,uprofen,ozapine,osorbide,carbazep,bumetone,rmustine,rbinafine,tarabine,etiap,proxen,Rustin Dilrew takes drug ibuprofen,Rustin Dilrew takes drug clozapine,Rustin Dilrew takes drug isosorbide,Rustin Dilrew takes drug oxcarbazep,Rustin Dilrew takes drug nabumetone,Rustin Dilrew takes drug carmustine.,Rustin Dilrew takes drug terbinafine,Rustin Dilrew takes drug cytarabine,Rustin Dilrew takes drug quetiap,Rustin Dilrew takes drug naproxen.
ibuprofen,drug hal,ug qu,ug aspirin,drug cy,acetaminophen,fludarab,cytarabine,ritonavir,lorazep,efaviren,Ammamaria Glasden takes drug hal,Ammamaria Glawe takes drug qu,Ammamaria Glint takes drug aspirin.,Ammamaria Glenden takes drug cy,Keen Gleeson takes drug acetaminophen.,Keen Gleeson takes drug fludarab,Keen Gleeson takes drug cytarabine,Keen Gleeson takes drug ritonavir,Keen Gleeson takes drug lorazep,Keen Gleeson takes drug efaviren
naproxen,rug lamiv,rug aten,kes drug,rug enas,rug melph,s drug,rug terb,rug risper,rug prednis,rug chond,Francklin Withers takes drug lamiv,Francklin Withers takes drug aten,Francklin Witherbarger takes drug cele,Francklin Withers takes drug enas,Francklin Withers takes drug melph,Francklin Witheridge takes drug haloper,Francklin Withers takes drug terb,Francklin Withers takes drug risper,Nathanael Brockes takes drug prednis,Nathanael Brockle takes drug chond
acetaminophen,g midostaur,drug ketocon,ivudine,viren,ecoxib,darab,taminophen,zapine,oxetine,onavir,Nathanael Brock takes drug midostaur,Nathanael Brockett takes drug ketocon,Dara Frere takes drug lamivudine,Dara Frere takes drug efaviren,Dara Frere takes drug celecoxib.,Dara Frere takes drug fludarab,Dara Frere takes drug acetaminophen.,Dara Frere takes drug clozapine,Dara Frere takes drug fluoxetine,Dara Frere takes drug ritonavir
diclofenac,,loper,prox,as,s,alp,,fine,,er,Bartholemy Reis takes drug ef,Bartholemy Rees takes drug haloper,Bartholemy Rees takes drug naprox,Bartholemy Rees takes drug glas,Bartholemy Readey takes drug s,Bartholemy Revell takes drug alp,Arnie Kite takes drug diclof,Arnie Kite takes drug terbinafine,Arnie Kite takes drug quetiap,Arnie Kite takes drug cadexomer
nabumetone,lisdexam,risperidone,duloxet,naproxen,fludarab,loxapine,diazepam,pravastatin,lurasidone,duloxet,Candie Spybey takes drug lisdexam,Candie Spybey takes drug risperidone,Candie Spybey takes drug duloxet,Candie Spybey takes drug naproxen.,Candie Spybey takes drug fludarab,Candie Spybey takes drug loxapine,Candie Spybey takes drug diazepam.,Candie Spybey takes drug pravastatin,Candie Spybey takes drug lurasidone,Candie Spybey takes drug duloxet
ibuprofen,nabumetone,risperidone,asenapine,bortezom,ritux,meloxicam,amlod,cytarab,ritux,amantad,Minda Gault takes drug nabumetone,Minda Gault takes drug risperidone,Minda Gault takes drug asenapine,Minda Gault takes drug bortezom,Aileen Olyff takes drug ritux,Aileen Olyff takes drug meloxicam,Aileen Olyff takes drug amlod,Aileen Olyff takes drug cytarab,Aileen Olyff takes drug ritux,Aileen Olyff takes drug amantad
naproxen,fluoxetine,aspirin Pat,fenofib,duloxet,nabumetone,vincristine,loxapine,citalopram,s drug,drug isos,Yetta Janout takes drug fluoxetine,"Yetta Janout takes drug aspirin.
Pat",Yetta Janout takes drug fenofib,Yetta Janout takes drug duloxet,Yetta Janout takes drug nabumetone,Yetta Janout takes drug vincristine,Yetta Janout takes drug loxapine,Yetta Janout takes drug citalopram,Stanislas Tesauroff takes drug pal,Stanislas Tesauros takes drug isos
acetaminophen,ug paliperid,ug melphalan,drug cl,rug alp,drug cl,drug al,aripip,drug idel,loraz,ug ibup,Stanislas Tesau takes drug paliperid,Stanislas Tesau takes drug melphalan,Robenia Trothorpe takes drug cl,Robenia Trothman takes drug alp,Robenia Trothorpe takes drug cl,Robenia Trothomme takes drug al,Robenia Troth takes drug aripip,Robenia Trothimer takes drug idel,Robenia Troth takes drug loraz,Robenia Trotham takes drug ibup
diclofenac,tal,up,,l,risper,aprox,drug clozap,drug amlod,drug dicl,drug ibrut,Marjie Newbiggs takes drug cital,Marjie Newbigby takes drug ibup,Marjie Newbig takes drug ezet,Marjie Newbigin takes drug aml,Marjie Newbiggins takes drug risper,Marjie Newbiggin takes drug naprox,Alexandro Christiensen takes drug clozap,Alexandro Christiensen takes drug amlod,Alexandro Christiensen takes drug dicl,Alexandro Christiensen takes drug ibrut
nabumetone,ug carmustine,ug citalop,ug fludar,ug meloxicam,ug sertral,ug melphalan,ug nabumet,ug citalop,ug ritux,ug queti,Nickolas Raynham takes drug carmustine,Nickolas Raynham takes drug citalop,Nickolas Raynham takes drug fludar,Nickolas Raynham takes drug meloxicam,Nickolas Raynham takes drug sertral,Nickolas Raynham takes drug melphalan,Nickolas Raynham takes drug nabumet,Nickolas Raynham takes drug citalop,Nickolas Raynham takes drug ritux,Nickolas Raynham takes drug queti
ibuprofen,hondroit,ripip,britum,italop,cl,loperid,azepam,uoxet,lox,proxen,Burlie Johnstone takes drug chondroit,Burlie Johnstone takes drug aripip,Burlie Johnstone takes drug ibritum,Burlie Johnstone takes drug citalop,Glenine Southby takes drug dicl,Glenine Southby takes drug haloperid,Glenine Southby takes drug diazepam,Glenine Southby takes drug fluoxet,Glenine Southby takes drug dulox,Glenine Southby takes drug naproxen
naproxen,,ole,,e,e,,,,idol,idol,Morley Metham takes drug duloxet,Morley Metham takes drug ketoconazole,Morley Metham takes drug diclof,Morley Metham takes drug nabumetone,Morley Metham takes drug cytarabine,Morley Metham takes drug lisdexam,Morley Metham takes drug clozapine,Morley Metham takes drug clozapine,Griffin Farrent takes drug haloperidol,Griffin Farrent takes drug haloperidol
acetaminophen,ravastatin,etoprolol,f,oz,risper,bup,is,bum,ib,nap,Griffin Farrent takes drug pravastatin,Griffin Farrent takes drug metoprolol,Stearne Arrundel takes drug f,Stearne Arrund takes drug cloz,Stearne Arrucher takes drug risper,Stearne Arruppa takes drug ibup,Stearne Arrunds takes drug ris,Stearne Arruze takes drug nabum,Stearne Arrundel takes drug ib,Stearne Arrundale takes drug nap
diclofenac,cl,d,en,pred,ter,chlor,vincrist,risperid,fluoxet,ketoconaz,Colver O'Loughlin takes drug cl,Colver O'Loughlin takes drug d,Colver O'Loughlin takes drug en,Colver O'Loughlin takes drug pred,Colver O'Loughlin takes drug ter,Colver O'Loughill takes drug chlor,Merilee Boothroyd takes drug vincrist,Merilee Boothroyd takes drug risperid,Merilee Boothroyd takes drug fluoxet,Merilee Boothroyd takes drug ketoconaz
nabumetone,diazepam,ibupro,amlod,acetaminophen,lurasid,carbamazep,paliperid,naproxen,ezet,aripip,Edouard Coope takes drug diazepam,Edouard Coope takes drug ibupro,Edouard Coope takes drug amlod,Edouard Coope takes drug acetaminophen,Edouard Coope takes drug lurasid,Edouard Coope takes drug carbamazep,Edouard Coope takes drug paliperid,Edouard Coope takes drug naproxen,Edouard Coope takes drug ezet,Edouard Coope takes drug aripip
cytarabine,dulox,terbina,dicl,naproxen,pipraz,peridone,oxetine,zepam,odip,alopram,Marcellina Wealthall takes drug dulox,Marcellina Wealthall takes drug terbina,Marcellina Wealthall takes drug dicl,Marcellina Wealthall takes drug naproxen,Albertina Twiname takes drug aripipraz,Albertina Twiname takes drug risperidone,Albertina Twiname takes drug fluoxetine,Albertina Twiname takes drug diazepam.,Albertina Twiname takes drug amlodip,Albertina Twiname takes drug citalopram
vincristine,cloz,ul,aml,clon,alid,dul,asid,umet,l,v,Steffie Vickeridge takes drug cloz,Steffie Vickerde takes drug dul,Steffie Vickerford takes drug aml,Steffie Vickeridge takes drug clon,Steffie Vicker takes drug pomalid,Steffie Vickerton takes drug dul,Steffie Vicker takes drug lurasid,Steffie Vicker takes drug nabumet,Lamar Tebbet takes drug atenol,Lamar Tebbet takes drug abacav
daunorubicin,talop,tric,g clozapine,g lisulphide,g lurasidone,g meloxicam,g amlodipine,g risperidone,g chondroitin,g ibuprofen,Lamar Tebbet takes drug citalop,Lamar Tebbet takes drug emtric,Shell Calderhead takes drug clozapine.,Shell Calderhead takes drug lisulphide,Shell Calderhead takes drug lurasidone.,"Shell Calderhead takes drug meloxicam.
",Shell Calderhead takes drug amlodipine,Shell Calderhead takes drug risperidone.,Shell Calderhead takes drug chondroitin AND,Shell Calderhead takes drug ibuprofen.
idarubicin,diclofen,pomalidomide,cytarabine,carbamazepine,pomalidomide,ritonavir,risperidone,ibuprofen,naproxen,quetiap,Robin Burris takes drug diclofen,Robin Burris takes drug pomalidomide,Robin Burris takes drug cytarabine.,Robin Burris takes drug carbamazepine.,Robin Burris takes drug pomalidomide,Robin Burris takes drug ritonavir.,Rawley Bowmen takes drug risperidone,Rawley Bowmen takes drug ibuprofen,Rawley Bowmen takes drug naproxen.,Rawley Bowmen takes drug quetiap
decitabine,met,last,conaz,tum,rin,ol,az,ro,d,lop,Irma Stutely takes drug nabumet,Irma Stutely takes drug metolast,Irma Stutely takes drug ketoconaz,Irma Stutely takes drug ibritum,"Irma Stutely takes drug aspirin.
",Irma Stutely takes drug atenol,Irma Stutely takes drug alpraz,Irma Stutely takes drug ibupro,Irma Stutely takes drug amlod,Irma Stutely takes drug citalop
gemtuzumab,drug cytarabine,drug emtricit,drug clozapine,drug diclof,profen,peridone,uvast,odip,odip,odip,Annora Carmichael takes drug cytarabine,Annora Carmichael takes drug emtricit,Annora Carmichael takes drug clozapine,Annora Carmichael takes drug diclof,Katey Bew takes drug ibuprofen,Katey Bew takes drug risperidone,Katey Bew takes drug rosuvast,Katey Bew takes drug amlodip,Katey Bew takes drug amlodip,Katey Bew takes drug amlodip
midostaurin,ug aspirin,ug haloper,ug rosu,ug cade,ug terb,ug prav,ug midost,ug risper,drug acetaminophen,drug ritonavir,Heinrik Hemphrey takes drug aspirin.,Heinrik Hemphill takes drug haloper,Heinrik Hemphrey takes drug rosu,Heinrik Hemphill takes drug cade,Heinrik Hemphrey takes drug terb,Heinrik Hemphrey takes drug prav,Heinrik Hemphrey takes drug midost,Heinrik Hemphrey takes drug risper,Chilton Easterling takes drug acetaminophen.,Chilton Easterling takes drug ritonavir
venetoclax,drug duloxet,drug naproxen,lamivud,amlod,fenof,efav,lurasid,clozap,efav,queti,Chilton Easterling takes drug duloxet,Chilton Easterling takes drug naproxen.,Rafa Stelfax takes drug lamivud,Rafa Stelfax takes drug amlod,Rafa Stelfax takes drug fenof,Rafa Stelfax takes drug efav,Rafa Stelfax takes drug lurasid,Rafa Stelfax takes drug clozap,Rafa Stelfax takes drug efav,Rafa Stelfax takes drug queti
enasidenib,idone,bine,tine,idone,cam,oitin,trex,um,o,,Raul Mantha takes drug risperidone,Raul Mantha takes drug cytarabine,Raul Mantha takes drug fluoxetine,Raul Mantha takes drug risperidone,Raul Mantha takes drug meloxicam.,Raul Mantha takes drug chondroitin,Erena Driffe takes drug methotrex,Erena Driffe takes drug ibritum,Erena Driffe takes drug ibupro,Erena Driffe takes drug ezet
cytarabine liposomal AND daunorubicin liposomal,diazepam,ibupro,vincrist,carmustine,amlod,dicl,ritonav,dicl,aspirin,pomalid,Johnnie Trewman takes drug diazepam,Johnnie Trewman takes drug ibupro,Johnnie Trewman takes drug vincrist,Johnnie Trewman takes drug carmustine,Johnnie Trewman takes drug amlod,Johnnie Trewman takes drug dicl,Johnnie Trewman takes drug ritonav,Johnnie Trewman takes drug dicl,"Johnnie Trewman takes drug aspirin.
",Johnnie Trewman takes drug pomalid
ivosidenib,midostaurin,ibritumom,diclof,ibritumom,loxetine,acin,liperidone,ipiprazole,osorbide mon,etiapine,Tripp Docksey takes drug midostaurin,Tripp Docksey takes drug ibritumom,Tripp Docksey takes drug diclof,Tripp Docksey takes drug ibritumom,Jeni Becker takes drug duloxetine,"Jeni Becker takes drug niacin.
",Jeni Becker takes drug paliperidone.,Jeni Becker takes drug aripiprazole,Jeni Becker takes drug isosorbide mon,Jeni Becker takes drug quetiapine
gilteritinib,methotrexate,chondroitin,pomalidom,fludarab,ibritumom,lurasidone,naproxen,naproxen,akes drug,takes drug,Freddy Rides takes drug methotrexate,Freddy Rides takes drug chondroitin,Freddy Rides takes drug pomalidom,Freddy Rides takes drug fludarab,Freddy Rides takes drug ibritumom,Freddy Rides takes drug lurasidone,Freddy Rides takes drug naproxen.,Freddy Rides takes drug naproxen.,Petunia Hanbury-Meyer takes drug,Petunia Hanbury-Bogley takes drug
glasdegib,akes drug,kes drug,drug acetaminophen,drug diclof,drug duloxet,drug clozapine,drug vincristine,drug clozapine,drug vincristine,drug diazepam,Petunia Hanbury-Jelick takes drug,Petunia Hanbury-Jones takes drug flud,Claribel Backshall takes drug acetaminophen.,Claribel Backshall takes drug diclof,Claribel Backshall takes drug duloxet,Claribel Backshall takes drug clozapine,Claribel Backshall takes drug vincristine,Claribel Backshall takes drug clozapine,Claribel Backshall takes drug vincristine,Claribel Backshall takes drug diazepam.
cytarabine,rexate,m,idone,,nazole,nazole,ine,one,,ne,Stephen Tettley takes drug methotrexate,Stephen Tettley takes drug rituxim,Stephen Tettley takes drug risperidone,Stephen Tettley takes drug diclof,Stephen Tettley takes drug ketoconazole,Stephen Tettley takes drug ketoconazole,Moses Walding takes drug terbinafine,Moses Walding takes drug risperidone,Moses Walding takes drug lisdexam,Moses Walding takes drug nabumetone
vincristine,loperidol,rbinafine,etiap,toprolol,tuxim,uprofen,lecoxib,rbinafine,etaminophen,nofib,Isaiah St Pierre takes drug haloperidol,Isaiah St Pierre takes drug terbinafine,Isaiah St Pierre takes drug quetiap,Isaiah St Pierre takes drug metoprolol,Isaiah St Pierre takes drug rituxim,Isaiah St Pierre takes drug ibuprofen,Isaiah St Pierre takes drug celecoxib.,Isaiah St Pierre takes drug terbinafine,Isaiah St Pierre takes drug acetaminophen.,Isaiah St Pierre takes drug fenofib
daunorubicin,etaminophen,lod,tric,osorb,pomalid,dicl,nabumet,carbamazep,rosuv,dulox,Darcee Bilbee takes drug acetaminophen,Darcee Bilbee takes drug amlod,Darcee Bilbee takes drug emtric,Darcee Bilbee takes drug isosorb,Brinn Crankhorn takes drug pomalid,Brinn Crankhorn takes drug dicl,Brinn Crankhorn takes drug nabumet,Brinn Crankhorn takes drug carbamazep,Brinn Crankhorn takes drug rosuv,Brinn Crankhorn takes drug dulox
idarubicin,g lisdexam,g naproxen,g amlodip,g citalopram,g diclof,g acetaminophen,g prednisone,g aspirin,cloz,rug naprox,Shanta Learmond takes drug lisdexam,Shanta Learmond takes drug naproxen.,Shanta Learmond takes drug amlodip,Shanta Learmond takes drug citalopram,Shanta Learmond takes drug diclof,Shanta Learmond takes drug acetaminophen.,Shanta Learmond takes drug prednisone.,"Shanta Learmond takes drug aspirin.
Pat",Nonna Lownsbys takes drug cloz,Nonna Lownsbrough takes drug naprox
decitabine,isper,dic,metoprol,clonaz,sertral,naproxen,bortez,ibritum,carbamazep,celecoxib,Nonna Lownsbier takes drug risper,Nonna Lownsbrough takes drug dic,Giovanna McKinley takes drug metoprol,Giovanna McKinley takes drug clonaz,Giovanna McKinley takes drug sertral,Giovanna McKinley takes drug naproxen,Giovanna McKinley takes drug bortez,Giovanna McKinley takes drug ibritum,Giovanna McKinley takes drug carbamazep,Giovanna McKinley takes drug celecoxib
gemtuzumab,lox,tonav,azepam,proxen,g acetamin,ncrist,s drug,s drug,s drug,s drug,D'arcy Carr takes drug dulox,D'arcy Carr takes drug ritonav,D'arcy Carr takes drug diazepam,D'arcy Carr takes drug naproxen,D'arcy Carrillo takes drug acetamin,D'arcy Carr takes drug vincrist,Clementina Bernardes takes drug ezet,Clementina Bernardes takes drug haloperid,Clementina Bernardes takes drug risperid,Clementina Bernardes takes drug vincrist
midostaurin,armust,ketocon,niac,vinc,nabum,ic,cy,rednis,uet,cytar,Batsheva Bayly takes drug carmust,Batsheva Bayley takes drug ketocon,Batsheva Baynes takes drug niac,Batsheva Baylis takes drug vinc,Batsheva Baylis takes drug nabum,Batsheva Bayne takes drug dic,Batsheva Baynham takes drug cy,Batsheva Bayle takes drug prednis,Batsheva Bayle takes drug quet,Batsheva Bayard takes drug cytar
venetoclax,naprox,ibup,dul,fen,ycerin,,lol,,l,urin,Gabriello Ellerington takes drug naprox,Gabriello Ellerington takes drug ibup,Gabriello Ellerington takes drug dul,Gabriello Ellerington takes drug fen,Granthem Ghion takes drug nitroglycerin,Granthem Ghion takes drug diclof,Granthem Ghion takes drug metoprolol,Granthem Ghion takes drug amlodip,Granthem Ghion takes drug alprazol,Granthem Ghion takes drug midostaurin
enasidenib,buprofen,lprazol,italopram,ituxim,italopram,luoxetine,britumom,elphalan,g amlodip,g bortezom,Filmore Faich takes drug ibuprofen,Filmore Faich takes drug alprazol,Filmore Faich takes drug citalopram,Filmore Faich takes drug rituxim,Filmore Faich takes drug citalopram,Filmore Faich takes drug fluoxetine,Filmore Faich takes drug ibritumom,Filmore Faich takes drug melphalan.,Joice Chadbourne takes drug amlodip,Joice Chadbourne takes drug bortezom
cytarabine liposomal AND daunorubicin liposomal,ug ritonavir,ug pravastatin,etim,uoxetine,loxet,elalisib,tonavir,udarab,loperidol,pirin Pat,Joice Chadbourne takes drug ritonavir,Joice Chadbourne takes drug pravastatin,Lief Deaton takes drug ezetim,Lief Deaton takes drug fluoxetine,Lief Deaton takes drug duloxet,Lief Deaton takes drug idelalisib,Lief Deaton takes drug ritonavir,Lief Deaton takes drug fludarab,Lief Deaton takes drug haloperidol,"Lief Deaton takes drug aspirin.
Pat"
ivosidenib,ritonav,clozap,paliperid,fludar,efav,venetocl,t,ox,lalis,amcin,Ephrem Challoner takes drug ritonav,Ephrem Challoner takes drug clozap,Ephrem Challoner takes drug paliperid,Ephrem Challoner takes drug fludar,Ephrem Challoner takes drug efav,Ephrem Challoner takes drug venetocl,Stacee Dulson takes drug ezet,Stacee Dulson takes drug dulox,Stacee Dulson takes drug idelalis,Stacee Dulson takes drug triamcin
gilteritinib,g enasidenib,g terbinafine,g carbamazepine,g lamivudine,g carbamazepine,g pravastatin,g fenofib,g acetaminophen,g isosorbide,g carbamazepine,Channa Aphale takes drug enasidenib,Channa Aphale takes drug terbinafine,Channa Aphale takes drug carbamazepine,Channa Aphale takes drug lamivudine,Channa Aphale takes drug carbamazepine,Channa Aphale takes drug pravastatin,Channa Aphale takes drug fenofib,Channa Aphale takes drug acetaminophen.,Channa Aphale takes drug isosorbide,Channa Aphale takes drug carbamazepine
glasdegib,bide,dine,mom,t,,dom,en,mom,p,fen,Lon Doogue takes drug isosorbide,Lon Doogue takes drug amantadine,Lon Doogue takes drug ibritumom,Lon Doogue takes drug duloxet,Rex Jowsey takes drug diclof,Rex Jowsey takes drug pomalidom,Rex Jowsey takes drug naproxen.,Rex Jowsey takes drug ibritumom,Rex Jowsey takes drug amlodip,Rex Jowsey takes drug ibuprofen
cytarabine,risperid,pomalid,niacin,bortez,clozap,citalop,carbamazep,vincrist,isdex,italop,Neall Zamudio takes drug risperid,Neall Zamudio takes drug pomalid,Neall Zamudio takes drug niacin,Neall Zamudio takes drug bortez,Neall Zamudio takes drug clozap,Neall Zamudio takes drug citalop,Neall Zamudio takes drug carbamazep,Neall Zamudio takes drug vincrist,Mace Glashby takes drug lisdex,Mace Glashby takes drug citalop
vincristine,enof,aproxen,dicl,dicl,loxap,alpraz,simvast,fludar,ritux,loxap,Mace Glashby takes drug fenof,Mace Glashby takes drug naproxen,Brett Levecque takes drug dicl,Brett Levecque takes drug dicl,Brett Levecque takes drug loxap,Brett Levecque takes drug alpraz,Brett Levecque takes drug simvast,Brett Levecque takes drug fludar,Brett Levecque takes drug ritux,Brett Levecque takes drug loxap
daunorubicin,ug atenol,ug cytarabine,ug risperidone,ug amlodipine,ug clonazepam,ug citalopram,ug cytarabine,ug carbamazepine,ug alprazol,ug meloxicam,"Sharline Tape takes drug atenol.
",Sharline Tape takes drug cytarabine.,Sharline Tape takes drug risperidone.,Sharline Tape takes drug amlodipine,Sharline Tape takes drug clonazepam,Sharline Tape takes drug citalopram.,Darrel Diaper takes drug cytarabine,Darrel Diaper takes drug carbamazepine,Darrel Diaper takes drug alprazol,Darrel Diaper takes drug meloxicam.
idarubicin,acetaminophen,clozapine,aspirin Patient,citalopram,pomalidomide,efavirenz,l-methylf,ritonavir,carbamazepine,loperamide,"Peggie Stone takes drug acetaminophen.
",Peggie Stone takes drug clozapine.,"Peggie Stone takes drug aspirin.
Patient",Peggie Stone takes drug citalopram.,Peggie Stone takes drug pomalidomide,Peggie Stone takes drug efavirenz,Peggie Stone takes drug l-methylf,Peggie Stone takes drug ritonavir.,Peggie Stone takes drug carbamazepine.,"Peggie Stone takes drug loperamide.
"
decitabine,vincristine,diclof,amlodip,amodafin,ug cytarabine,ug cytarabine,ug lamivudine,ug lorazep,ug pomalidom,ug gilterit,Saw Osorio takes drug vincristine,Saw Osorio takes drug diclof,Saw Osorio takes drug amlodip,Saw Osorio takes drug amodafin,Kacey Tilford takes drug cytarabine,Kacey Tilford takes drug cytarabine,Kacey Tilford takes drug lamivudine,Kacey Tilford takes drug lorazep,Kacey Tilford takes drug pomalidom,Kacey Tilford takes drug gilterit
gemtuzumab,atenol,naproxen,risperidone,acetaminophen,vincristine,naproxen,naproxen,naproxen,luoxet,itonav,Luke Gottelier takes drug atenol.,Luke Gottelier takes drug naproxen.,Luke Gottelier takes drug risperidone,Luke Gottelier takes drug acetaminophen.,Luke Gottelier takes drug vincristine,Luke Gottelier takes drug naproxen.,Luke Gottelier takes drug naproxen.,Luke Gottelier takes drug naproxen.,Alleyn Facer takes drug fluoxet,Alleyn Facer takes drug ritonav
midostaurin,dic,rbina,peridone,umetone,profen,oxetine,hotrexate,asidone,oxetine,arabine,Alleyn Facerud takes drug dic,Alleyn Facer takes drug terbina,Cele Baiden takes drug risperidone.,Cele Baiden takes drug nabumetone.,Cele Baiden takes drug ibuprofen.,Cele Baiden takes drug fluoxetine.,Cele Baiden takes drug methotrexate.,Cele Baiden takes drug lurasidone.,Cele Baiden takes drug duloxetine,Cele Baiden takes drug cytarabine.
venetoclax,odipine,apine,alproex sodium,oxetine,oxetine,zapine,drug lamiv,drug vinc,drug chond,drug riton,Rene Mort takes drug amlodipine,Rene Mort takes drug loxapine.,Rene Mort takes drug divalproex sodium,Rene Mort takes drug fluoxetine.,Rene Mort takes drug duloxetine,Rene Mort takes drug clozapine.,Newton Minchinden takes drug lamiv,Newton Minchinden takes drug vinc,Newton Minchinden takes drug chond,Newton Minchinden takes drug riton
enasidenib,drug enasiden,drug clonaz,drug nabumet,drug pravast,drug niacin,drug lamivud,drug ritonav,drug cytarab,drug atenol,drug pomalid,Franklin Bentham3 takes drug enasiden,Franklin Bentham3 takes drug clonaz,Franklin Bentham3 takes drug nabumet,Franklin Bentham3 takes drug pravast,Franklin Bentham3 takes drug niacin,Franklin Bentham3 takes drug lamivud,Franklin Bentham3 takes drug ritonav,Franklin Bentham3 takes drug cytarab,Franklin Bentham3 takes drug atenol,Franklin Bentham3 takes drug pomalid
cytarabine liposomal AND daunorubicin liposomal,es drug,es drug,akes drug,es drug,ug pravastatin,ug ritonavir,ug naproxen,ug aripiprazole,ug amlodipine,ug citalopram,Allyn Waliszewski takes drug ibup,Allyn Waliszewski takes drug dul,Allyn Waliszkiewicz takes drug l,Allyn Waliszewski takes drug acetamin,Angel Pettko takes drug pravastatin.,Angel Pettko takes drug ritonavir.,"Angel Pettko takes drug naproxen.
",Angel Pettko takes drug aripiprazole,Angel Pettko takes drug amlodipine,Angel Pettko takes drug citalopram.
ivosidenib,amazep,lid,x,d,lid,,,sid,udine,rolol,Clevie Baynon takes drug carbamazep,Clevie Baynon takes drug pomalid,Clevie Baynon takes drug dulox,Clevie Baynon takes drug amlod,Clevie Baynon takes drug pomalid,Clevie Baynon takes drug dicl,Clevie Baynon takes drug ezet,Clevie Baynon takes drug lurasid,Wallis Wones takes drug lamivudine,Wallis Wones takes drug metoprolol
gilteritinib,alan,pam,mazep,o,ab,,,,,in,Wallis Wones takes drug melphalan.,Wallis Wones takes drug diazepam.,Allyce Rouby takes drug carbamazep,Allyce Rouby takes drug ibupro,Allyce Rouby takes drug cytarab,Allyce Rouby takes drug queti,Allyce Rouby takes drug loraz,Allyce Rouby takes drug dulox,Allyce Roubyle takes drug dul,"Allyce Rouby takes drug aspirin.
"
glasdegib,,al,,cy,ris,el,ivud,ux,crist,roxen,Evelina MacDowal takes drug d,Evelina MacDuffie takes drug al,Evelina MacDoey takes drug o,Evelina MacDarron takes drug cy,Evelina MacDuffie takes drug ris,Evelina MacDessy takes drug mel,Deedee Gratten takes drug lamivud,Deedee Gratten takes drug ritux,Deedee Gratten takes drug vincrist,Deedee Gratten takes drug naproxen
dexamethasone,terbinafine,fludarab,haloperidol,metoprolol,terbinafine,naproxen,gilterit,clozapine,risperidone,daunorub,Abbye Darville takes drug terbinafine,Abbye Darville takes drug fludarab,Abbye Darville takes drug haloperidol,Abbye Darville takes drug metoprolol,Abbye Darville takes drug terbinafine,Abbye Darville takes drug naproxen.,Abbye Darville takes drug gilterit,Abbye Darville takes drug clozapine,Abbye Darville takes drug risperidone,Abbye Darville takes drug daunorub
thalidomide,meloxicam,lorazep,risperidone,ibuprofen,methot,naprox,dul,dic,bort,dic,Lesley Statefield takes drug meloxicam.,Lesley Statefield takes drug lorazep,Lesley Statefield takes drug risperidone,Lesley Statefield takes drug ibuprofen,Maitilde Bridgton takes drug methot,Maitilde Bridgeman takes drug naprox,Maitilde Bridgline takes drug dul,Maitilde Bridgman takes drug dic,Maitilde Bridgeman takes drug bort,Maitilde Bridgess takes drug dic
cyclophosphamide,oz,lis,ser,s,al,um,x,p,f,phosphamide,Larissa Clemencer takes drug cloz,Larissa Clemen takes drug idelalis,Larissa Clemen takes drug lorcaser,Larissa Clemenge takes drug isos,Larissa Clemenge takes drug cital,Larissa Clemen takes drug ibritum,Larissa Clemena takes drug fluox,Larissa Clemen takes drug aripip,Matilde Mouatt takes drug diclof,Matilde Mouatt takes drug cyclophosphamide
lenalidomide,etaminophen,loxet,t,zap,v,az,pip,naz,perid,bamazep,Matilde Mouatt takes drug acetaminophen.,Matilde Mouatt takes drug duloxet,Jori Baignard takes drug ezet,Jori Baignard takes drug clozap,Jori Baignard takes drug efav,Jori Baignard takes drug loraz,Jori Baignard takes drug aripip,Jori Baignard takes drug clonaz,Jori Baignard takes drug risperid,Jori Baignard takes drug carbamazep
bortezomib,tarabine,speridone,dexomer,loxet,vastatin,bumetone,aproxen,buprofen,luoxetine,iacin,Ring Faughny takes drug cytarabine,Ring Faughny takes drug risperidone,Ring Faughny takes drug cadexomer,Ring Faughny takes drug duloxet,Ring Faughny takes drug lovastatin.,Ring Faughny takes drug nabumetone,Kalina Mathen takes drug naproxen.,Kalina Mathen takes drug ibuprofen,Kalina Mathen takes drug fluoxetine,Kalina Mathen takes drug niacin.
carfilzomib,italopram,isperidone,abumetone,elecoxib,elecoxib,isdexam,britumom,iacin,nasidenib,buprofen,Marisa Howse takes drug citalopram,Marisa Howse takes drug risperidone,Marisa Howse takes drug nabumetone,Marisa Howse takes drug celecoxib.,Marisa Howse takes drug celecoxib.,Marisa Howse takes drug lisdexam,Marisa Howse takes drug ibritumom,Marisa Howse takes drug niacin.,Marisa Howse takes drug enasidenib,Marisa Howse takes drug ibuprofen
pomalidomide,risperidone,quetiapine,naproxen,diclofen,rug metop,rug vinc,rapher,g ibupro,g dicl,g niacin,Kit Constance takes drug risperidone.,Kit Constance takes drug quetiapine,"Kit Constance takes drug naproxen.
",Kit Constance takes drug diclofen,Sargent Renachie takes drug metop,Sargent Renachis takes drug vinc,"Sargent Renach, a radiographer,",Sargent Renach takes drug ibupro,Sargent Renach takes drug dicl,Sargent Renach takes drug niacin
daratumumab,ibupro,meloxicam,cytarab,citalop,ritonav,nabumet,emtric,carmustine,drug simv,drug cital,Hewitt Oakwood takes drug ibupro,Hewitt Oakwood takes drug meloxicam,Hewitt Oakwood takes drug cytarab,Hewitt Oakwood takes drug citalop,Hewitt Oakwood takes drug ritonav,Hewitt Oakwood takes drug nabumet,Hewitt Oakwood takes drug emtric,Hewitt Oakwood takes drug carmustine,Fernandina Caressin takes drug simv,Fernandina Caressin takes drug cital
melphalan,drug niacin,drug lamiv,paliperidone,clonazep,bortezom,chondroitin,risperidone,pomalidom,haloperidol,clonazep,Fernandina Caress takes drug niacin,Fernandina Caressa takes drug lamiv,Omero Peoples takes drug paliperidone,Omero Peoples takes drug clonazep,Omero Peoples takes drug bortezom,Omero Peoples takes drug chondroitin,Omero Peoples takes drug risperidone,Omero Peoples takes drug pomalidom,Omero Peoples takes drug haloperidol,Omero Peoples takes drug clonazep
dexamethasone,g cytar,g micon,ez,enof,rug e,g bort,rit,sos,,cetamin,Elspeth Kinzill takes drug cytar,Elspeth Kinzler takes drug micon,Elspeth Kinzam takes drug ez,Elspeth Kinz takes drug fenof,Elspeth Kinzewitz takes drug e,Elspeth Kinzner takes drug bort,Virge Tytelman takes drug rit,Virge Tytkin takes drug isos,Virge Tyt takes drug dicl,Virge Tytler takes drug acetamin
thalidomide,dexameth,alpraz,amlod,risperid,celecoxib,ritux,dulox,ibupro,amlod,clozap,Abram Riddlesden takes drug dexameth,Abram Riddlesden takes drug alpraz,Abram Riddlesden takes drug amlod,Abram Riddlesden takes drug risperid,Abram Riddlesden takes drug celecoxib,Abram Riddlesden takes drug ritux,Abram Riddlesden takes drug dulox,Abram Riddlesden takes drug ibupro,Abram Riddlesden takes drug amlod,Abram Riddlesden takes drug clozap
cyclophosphamide,fludarab,ibuprofen,sertraline,ritonavir,incrist,ertral,italop,zet,torv,mlod,Welbie Baldwin takes drug fludarab,Welbie Baldwin takes drug ibuprofen,Welbie Baldwin takes drug sertraline,Welbie Baldwin takes drug ritonavir,Harper Vlasov takes drug vincrist,Harper Vlasov takes drug sertral,Harper Vlasov takes drug citalop,Harper Vlasov takes drug ezet,Harper Vlasov takes drug atorv,Harper Vlasov takes drug amlod
lenalidomide,ron,pirin,mivud,lox,toprol,loperid,must,sdex,g naprox,ug prednis,Fitz Harkus takes drug doron,"Fitz Harkus takes drug aspirin.
",Fitz Harkus takes drug lamivud,Fitz Harkus takes drug dulox,Fitz Harkus takes drug metoprol,Fitz Harkus takes drug haloperid,Fitz Harkus takes drug lomust,Fitz Harkus takes drug lisdex,Cletus Achromer takes drug naprox,Cletus Achromide takes drug prednis
bortezomib,rug aml,rug carbamaz,ug duloxet,ug clozapine,ug fluoxetine,ug amlodip,ug clozapine,ug naproxen,ug terbinafine,ug methotrexate,Cletus Achromer takes drug aml,Cletus Achromov takes drug carbamaz,Ethan Antowski takes drug duloxet,Ethan Antowski takes drug clozapine,Ethan Antowski takes drug fluoxetine,Ethan Antowski takes drug amlodip,Ethan Antowski takes drug clozapine,Ethan Antowski takes drug naproxen.,Ethan Antowski takes drug terbinafine,Ethan Antowski takes drug methotrexate
carfilzomib,naz,ux,tuz,ox,iperid,od,gemfib,naproxen,citalop,lamivud,Rik Coughlan takes drug clonaz,Rik Coughlan takes drug ritux,Rik Coughlan takes drug gemtuz,Rik Coughlan takes drug dulox,Rik Coughlan takes drug paliperid,Rik Coughlan takes drug amlod,Kendall Goodrich takes drug gemfib,Kendall Goodrich takes drug naproxen,Kendall Goodrich takes drug citalop,Kendall Goodrich takes drug lamivud
pomalidomide,ravastatin,ravastatin,aliperidone,aproxen,etoprolol,ytarabine,ytarabine,iclof,ortezom,faviren,Stevana Mabee takes drug pravastatin,Stevana Mabee takes drug pravastatin,Stevana Mabee takes drug paliperidone,Stevana Mabee takes drug naproxen.,Stevana Mabee takes drug metoprolol,Stevana Mabee takes drug cytarabine,Stevana Mabee takes drug cytarabine,Stevana Mabee takes drug diclof,Stevana Mabee takes drug bortezom,Stevana Mabee takes drug efaviren
daratumumab,ug ritonavir,ug quetiap,ug daratumum,ug clozapine,ug aspirin,ug dul,rug methot,rug ketocon,ug ez,es drug,Cornell Carreck takes drug ritonavir,Cornell Carreck takes drug quetiap,Cornell Carreck takes drug daratumum,Cornell Carreck takes drug clozapine,Valdemar Marcia takes drug aspirin.,Valdemar Marcum takes drug dul,Valdemar Marcuse takes drug methot,Valdemar Marcone takes drug ketocon,Valdemar Marcum takes drug ez,Valdemar Marcadewicz takes drug
melphalan,,,t,c,rox,erid,iazep,imv,nz,umet,Alleyn Genn takes drug dicl,Alleyn Gennet takes drug dic,Alleyn Gennis takes drug quet,Alleyn Gennell takes drug dic,Alleyn Gennes takes drug naprox,Alleyn Genn takes drug paliperid,Alleyn Gennifer takes drug diazep,Alleyn Gennelly takes drug simv,Vlad Betteson takes drug olanz,Vlad Betteson takes drug nabumet
cyclophosphamide,dicl,prazole,cadexomer,diclof,risperidone,amlodip,isosorbide,carbamazepine,lamivudine,clozapine,Vlad Betteson takes drug dicl,Vlad Betteson takes drug prazole,Maria Tinkham takes drug cadexomer,Maria Tinkham takes drug diclof,Maria Tinkham takes drug risperidone,Maria Tinkham takes drug amlodip,Maria Tinkham takes drug isosorbide,Maria Tinkham takes drug carbamazepine,Maria Tinkham takes drug lamivudine,Maria Tinkham takes drug clozapine
vincristine,g aml,tenol,g terb,aliperid,ravast,g fluox,aminophen,oxen,xetine,droitin,Leshia Sweetenbur takes drug aml,Leshia Sweeten takes drug atenol,Leshia Sweetenham takes drug terb,Leshia Sweeten takes drug paliperid,Leshia Sweeten takes drug pravast,Leshia Sweetenham takes drug fluox,Daria Feron takes drug acetaminophen.,Daria Feron takes drug naproxen.,Daria Feron takes drug fluoxetine,Daria Feron takes drug chondroitin
rituximab,isosorb,fluvast,amlod,piperalid,citalop,meloxicam,pravast,acetaminophen,ketoconaz,niacin,Wash Itshak takes drug isosorb,Wash Itshak takes drug fluvast,Wash Itshak takes drug amlod,Wash Itshak takes drug piperalid,Wash Itshak takes drug citalop,Wash Itshak takes drug meloxicam,Wash Itshak takes drug pravast,Wash Itshak takes drug acetaminophen,Wash Itshak takes drug ketoconaz,Wash Itshak takes drug niacin
methotrexate,fenofib,emtricit,metoprolol,risperidone,fluoxetine,terbinafine,metoprolol,risperidone,aspirin Pat,ibuprofen,Emmy Tapsell takes drug fenofib,Emmy Tapsell takes drug emtricit,Emmy Tapsell takes drug metoprolol,Emmy Tapsell takes drug risperidone,Hillery Roke takes drug fluoxetine,Hillery Roke takes drug terbinafine,Hillery Roke takes drug metoprolol,Hillery Roke takes drug risperidone,"Hillery Roke takes drug aspirin.
Pat",Hillery Roke takes drug ibuprofen
bendamustine,drug niac,rug chond,drug flud,drug dul,drug d,drug ris,rug aml,drug d,arabine,arabine,Anna-diane Gosnel takes drug niac,Anna-diane Gosse takes drug chond,Anna-diane Gossel takes drug flud,Anna-diane Gosney takes drug dul,Anna-diane Gosseel takes drug d,Anna-diane Goslop takes drug ris,Anna-diane Gosse takes drug aml,Anna-diane Goszko takes drug d,Val Bonas takes drug cytarabine.,Val Bonas takes drug cytarabine.
cytarabine,ne,ne,ibritumom,fluoxetine,duloxet,risperidone,celecoxib,l-methy,daunorub,naproxen,Val Bonas takes drug duloxetine,Val Bonas takes drug amlodipine,Renata Fishbourne takes drug ibritumom,Renata Fishbourne takes drug fluoxetine,Renata Fishbourne takes drug duloxet,Renata Fishbourne takes drug risperidone,Renata Fishbourne takes drug celecoxib.,Renata Fishbourne takes drug l-methy,Renata Fishbourne takes drug daunorub,Renata Fishbourne takes drug naproxen.
fludarabine,drug simvastatin,drug acetaminophen,drug lovastatin,drug loxapine,drug diclof,drug lurasidone,g lamivudine,g lamivudine,g bortezom,g isosorbide,Smitty Wrangle takes drug simvastatin,Smitty Wrangle takes drug acetaminophen.,Smitty Wrangle takes drug lovastatin.,Smitty Wrangle takes drug loxapine,Smitty Wrangle takes drug diclof,Smitty Wrangle takes drug lurasidone,Monroe Gudd takes drug lamivudine,Monroe Gudd takes drug lamivudine,Monroe Gudd takes drug bortezom,Monroe Gudd takes drug isosorbide
bleomycin,,,,,,,,n,b,,Jamaal De-Buck takes drug am,Jamaal De-Korvyd takes,Jamaal De-Vale takes drug g,Jamaal De-Buss takes drug d,Jamaal De-Fee takes drug qu,Jamaal De-Olivio takes drug,Jamaal De-Lysie takes drug,Jamaal De-Paulie takes drug en,Jamaal De-Silva takes drug nab,Jamaal De-Knut takes drug p
carmustine,rug ibup,fluox,ug aspirin,aspirin,isperid,ertral,ueti,osuv,icl,isperid,Sylvester Leighton takes drug ibup,Sylvester Lein takes drug fluox,Sylvester Leclerc takes drug aspirin,Sylvester Leach takes drug aspirin.,Zared Gallego takes drug risperid,Zared Gallego takes drug sertral,Zared Gallego takes drug queti,Zared Gallego takes drug rosuv,Zared Gallego takes drug dicl,Zared Gallego takes drug risperid
idelalisib,amlod,queti,nabumet,cytarab,naproxen,amlod,olanz,atenol,ug citalop,ug divalpro,Gianna Gowen takes drug amlod,Gianna Gowen takes drug queti,Gianna Gowen takes drug nabumet,Gianna Gowen takes drug cytarab,Gianna Gowen takes drug naproxen,Gianna Gowen takes drug amlod,Gianna Gowen takes drug olanz,Gianna Gowen takes drug atenol,Janenna Goozee takes drug citalop,Janenna Goozee takes drug divalpro
ibritumomab,bupro,erbina,rbamazepine,speridone,perazine,toprolol,loxicam,loxetine,clofen,clofen,Janenna Goozee takes drug ibupro,Janenna Goozee takes drug terbina,Ros Finnimore takes drug carbamazepine.,Ros Finnimore takes drug risperidone.,"Ros Finnimore takes drug piperazine.
",Ros Finnimore takes drug metoprolol.,"Ros Finnimore takes drug meloxicam.
",Ros Finnimore takes drug duloxetine,Ros Finnimore takes drug diclofen,Ros Finnimore takes drug diclofen
ibrutinib,chondroitin,carfilzom,methotrexate,diclof,fludarab,loxapine,ilteritin,mlodipine,mlodipine,buprofen,Joeann Kopman takes drug chondroitin,Joeann Kopman takes drug carfilzom,Joeann Kopman takes drug methotrexate,Joeann Kopman takes drug diclof,Joeann Kopman takes drug fludarab,Joeann Kopman takes drug loxapine,Curr Barbara takes drug gilteritin,Curr Barbara takes drug amlodipine,Curr Barbara takes drug amlodipine,Curr Barbara takes drug ibuprofen.
mitoxantrone,dicl,chondroit,ritonav,bortez,rosuv,risperid,citalop,naproxen,aspirin,risperid,Isabeau Libbe takes drug dicl,Isabeau Libbe takes drug chondroit,Isabeau Libbe takes drug ritonav,Isabeau Libbe takes drug bortez,Isabeau Libbe takes drug rosuv,Isabeau Libbe takes drug risperid,Isabeau Libbe takes drug citalop,Isabeau Libbe takes drug naproxen,"Isabeau Libbe takes drug aspirin.
",Isabeau Libbe takes drug risperid
dexamethasone,fluoxetine,citalopram,risperidone,vincristine,drug risperid,drug queti,drug amantad,drug terbina,drug fludar,drug metoprol,Roddy Bach takes drug fluoxetine.,Roddy Bach takes drug citalopram.,Roddy Bach takes drug risperidone.,Roddy Bach takes drug vincristine.,Nicolai Sharrock takes drug risperid,Nicolai Sharrock takes drug queti,Nicolai Sharrock takes drug amantad,Nicolai Sharrock takes drug terbina,Nicolai Sharrock takes drug fludar,Nicolai Sharrock takes drug metoprol
thalidomide,paliper,diazep,ibup,riton,lor,vinc,cytar,haloper,abine,f,Brigit Davidsohn takes drug paliper,Brigit Davidsohn takes drug diazep,Brigit Davidsohn takes drug ibup,Brigit Davidsohn takes drug riton,Brigit Davidsohn takes drug lor,Brigit Davidsohn takes drug vinc,Brigit Davidsohn takes drug cytar,Brigit Davidsohn takes drug haloper,Melesa Argo takes drug cytarabine,Melesa Argo takes drug diclof
cyclophosphamide,f,ip,ibupro,alpraz,terbina,olanz,l-m,terbina,pomalid,ritonav,Melesa Argo takes drug diclof,Melesa Argo takes drug amlodip,Benny MacAndreis takes drug ibupro,Benny MacAndreis takes drug alpraz,Benny MacAndreis takes drug terbina,Benny MacAndreis takes drug olanz,Benny MacAndreis takes drug l-m,Benny MacAndreis takes drug terbina,Benny MacAndreis takes drug pomalid,Benny MacAndreis takes drug ritonav
lenalidomide,drug ris,s drug,s drug,drug cl,rug n,drug em,ibupro,lurasid,emtric,midostaur,Sebastiano Sanker takes drug ris,Sebastiano Sibylla takes drug,Sebastiano Spertus takes drug d,Sebastiano Sauter takes drug cl,Sebastiano Smea takes drug n,Sebastiano Simeon takes drug em,Itch Zarfai takes drug ibupro,Itch Zarfai takes drug lurasid,Itch Zarfai takes drug emtric,Itch Zarfai takes drug midostaur
bortezomib,yclophosph,mlod,mlod,britum,arfilz,exameth,ueti,isperid,delalis,ytarab,Bertha Faughnan takes drug cyclophosph,Bertha Faughnan takes drug amlod,Bertha Faughnan takes drug amlod,Bertha Faughnan takes drug ibritum,Bertha Faughnan takes drug carfilz,Bertha Faughnan takes drug dexameth,Bertha Faughnan takes drug queti,Bertha Faughnan takes drug risperid,Bertha Faughnan takes drug idelalis,Bertha Faughnan takes drug cytarab
carfilzomib,nophen,,n,,,,h,xate,,e,Alysa Hadwen takes drug acetaminophen,Alysa Hadwen takes drug ritonav,Alysa Hadwen takes drug naproxen,Alysa Hadwen takes drug citalop,Foster Trew takes drug fenofib,Foster Trew takes drug amlodip,Foster Trew takes drug daltenoth,Foster Trew takes drug methotrexate,Foster Trew takes drug naproxen.,Foster Trew takes drug clozapine
pomalidomide,ug paliperidone,ug fluoxetine,ug celecoxib,ug amlodip,ug naproxen,ug carbamazepine,ug efaviren,ug carbamazepine,g chondroitin,g duloxetine,Whitney Hewins takes drug paliperidone,Whitney Hewins takes drug fluoxetine,Whitney Hewins takes drug celecoxib.,Whitney Hewins takes drug amlodip,Whitney Hewins takes drug naproxen.,Whitney Hewins takes drug carbamazepine,Whitney Hewins takes drug efaviren,Whitney Hewins takes drug carbamazepine,Durward Grove takes drug chondroitin AND,Durward Grove takes drug duloxetine
daratumumab,rasidone,loxicam,ravast,arbamazep,aproxen,elecoxib,italop,iacin,italop,luoxet,Durward Grove takes drug lurasidone.,"Durward Grove takes drug meloxicam.
",Shayne Tinkler takes drug pravast,Shayne Tinkler takes drug carbamazep,Shayne Tinkler takes drug naproxen,Shayne Tinkler takes drug celecoxib,Shayne Tinkler takes drug citalop,Shayne Tinkler takes drug niacin,Shayne Tinkler takes drug citalop,Shayne Tinkler takes drug fluoxet
melphalan,ug midost,ug lamiv,ug dul,g aspirin,g carmustine,g ibupro,ug prednisone,ug naproxen,ug quetiap,ug terbinafine,Anthea Blodgett takes drug midost,Anthea Blodgett takes drug lamiv,Anthea Blodgett takes drug dul,"Anthea Blodget takes drug aspirin.
",Anthea Blodget takes drug carmustine,Anthea Blodget takes drug ibupro,Henka Clavering takes drug prednisone.,Henka Clavering takes drug naproxen.,Henka Clavering takes drug quetiap,Henka Clavering takes drug terbinafine
dexamethasone,rug cy,loraz,ibritum,citalop,terbina,amlod,naproxen,risperid,ritonav,naproxen,Charmain Genikelyan takes drug cy,Charmain Genike takes drug loraz,Charmain Genike takes drug ibritum,Charmain Genike takes drug citalop,Charmain Genike takes drug terbina,Charmain Genike takes drug amlod,Charmain Genike takes drug naproxen,Charmain Genike takes drug risperid,Charmain Genike takes drug ritonav,Charmain Genike takes drug naproxen
thalidomide,,,,,oxetine,oxicam,oconazole,ofib,cristine,lof,Zonnya Grigorie takes drug s,Zonnya Grisvold takes drug,Zonnya Grzmajak takes,Zonnya Grumkin takes drug d,Edee Fullwood takes drug fluoxetine,Edee Fullwood takes drug meloxicam.,Edee Fullwood takes drug ketoconazole,Edee Fullwood takes drug fenofib,Edee Fullwood takes drug vincristine,Edee Fullwood takes drug diclof
cyclophosphamide,alp,metop,g ibup,rug fluox,g ket,naprox,alp,ibup,fluoxetine,diclof,Maegan MacRie takes drug alp,Maegan MacRue takes drug metop,Maegan MacRaney takes drug ibup,Maegan MacRitchie takes drug fluox,Maegan MacRocca takes drug ket,Maegan MacRae takes drug naprox,Maegan MacRory takes drug alp,Maegan MacRee takes drug ibup,Agathe Wildman takes drug fluoxetine,Agathe Wildman takes drug diclof
lenalidomide,citalopram,prednisone,clozap,carmustine,risperid,gilter,amlod,celecoxib,meloxicam,meloxicam,Agathe Wildman takes drug citalopram,Agathe Wildman takes drug prednisone.,Flss Keenlyside takes drug clozap,Flss Keenlyside takes drug carmustine,Flss Keenlyside takes drug risperid,Flss Keenlyside takes drug gilter,Flss Keenlyside takes drug amlod,Flss Keenlyside takes drug celecoxib,Flss Keenlyside takes drug meloxicam,Flss Keenlyside takes drug meloxicam
bortezomib,g dulox,g loraz,g naproxen,g amlod,g ibupro,g cytarab,omalidom,itonavir,buprofen,lozapine,Dietrich Olivera takes drug dulox,Dietrich Olivera takes drug loraz,Dietrich Olivera takes drug naproxen,Dietrich Olivera takes drug amlod,Dietrich Olivera takes drug ibupro,Dietrich Olivera takes drug cytarab,Renie Cordery takes drug pomalidom,Renie Cordery takes drug ritonavir,Renie Cordery takes drug ibuprofen,Renie Cordery takes drug clozapine
carfilzomib,isperid,ortez,eloxicam,icl,exameth,ytarab,abumet,mlod,ulox,enof,Lissa Moynihan takes drug risperid,Lissa Moynihan takes drug bortez,Lissa Moynihan takes drug meloxicam,Lissa Moynihan takes drug dicl,Lissa Moynihan takes drug dexameth,Lissa Moynihan takes drug cytarab,Lissa Moynihan takes drug nabumet,Lissa Moynihan takes drug amlod,Lissa Moynihan takes drug dulox,Lissa Moynihan takes drug fenof
pomalidomide,inafine,xet,sidone,iap,crist,pirin,od,roxen,alid,mustine,Meris Colter takes drug terbinafine,Meris Colter takes drug duloxet,Meris Colter takes drug lurasidone,Meris Colter takes drug quetiap,Meggy Shovell takes drug vincrist,Meggy Shovells takes drug aspirin.,Meggy Shovell takes drug amlod,Meggy Shovell takes drug naproxen,Meggy Shovell takes drug pomalid,Meggy Shovell takes drug carmustine
daratumumab,buprofen,ludarabine,oxapine,ortezomib,lonazepam,osuvastatin,buprofen,isperidone,imvastatin,uetiapine,Dean Hillock takes drug ibuprofen.,Dean Hillock takes drug fludarabine,Dean Hillock takes drug loxapine.,Dean Hillock takes drug bortezomib,Dean Hillock takes drug clonazepam,Dean Hillock takes drug rosuvastatin,Dean Hillock takes drug ibuprofen.,Dean Hillock takes drug risperidone.,Clara Robbie takes drug simvastatin.,Clara Robbie takes drug quetiapine
melphalan,prazolam,etiapine,g cital,ug carb,ug d,ibrit,rug cy,rug mel,amyl,g dic,Clara Robbie takes drug alprazolam,Clara Robbie takes drug quetiapine,Gwenette Stieber takes drug cital,Gwenette Stieglow takes drug carb,Gwenette Stieveny takes drug d,Gwenette Stiebe takes drug ibrit,Gwenette Stiefford takes drug cy,Gwenette Stieglitz takes drug mel,Gwenette Stiele takes drug amyl,Gwenette Stieves takes drug dic
miconazole,meloxicam,lamivudine,amlodip,rosuvast,citalopram,rituxim,drug en,enas,g terb,clon,Arline Gabler takes drug meloxicam.,Arline Gabler takes drug lamivudine,Arline Gabler takes drug amlodip,Arline Gabler takes drug rosuvast,Arline Gabler takes drug citalopram,Arline Gabler takes drug rituxim,Cordey Tomcatelle takes drug en,Cordey Tomcay takes drug enas,Cordey Tomczyk takes drug terb,Cordey Tomcay takes drug clon
miconazole,amlodip,citalopram,diclof,terbinafine,gilterit,quetiap,atorvast,aripipraz,fluoxetine,clozapine,Daria Vile takes drug amlodip,Daria Vile takes drug citalopram,Daria Vile takes drug diclof,Daria Vile takes drug terbinafine,Daria Vile takes drug gilterit,Daria Vile takes drug quetiap,Daria Vile takes drug atorvast,Daria Vile takes drug aripipraz,Daria Vile takes drug fluoxetine,Daria Vile takes drug clozapine
risperidone,risperid,methotrex,amlod,ezet,darabine,vastatin,alopram,itabine,umetone,operidol,Micky Jaqueme takes drug risperid,Micky Jaqueme takes drug methotrex,Micky Jaqueme takes drug amlod,Micky Jaqueme takes drug ezet,Zenia Craw takes drug fludarabine,Zenia Craw takes drug pravastatin.,Zenia Craw takes drug citalopram.,Zenia Craw takes drug decitabine.,Zenia Craw takes drug nabumetone.,Zenia Craw takes drug haloperidol.
clozapine,drug fluoxet,drug citalop,drug rosuv,drug vincrist,drug acetaminophen,drug metoprol,drug naproxen,drug citalop,rug clozapine,rug fludarab,Jeramey Lowrance takes drug fluoxet,Jeramey Lowrance takes drug citalop,Jeramey Lowrance takes drug rosuv,Jeramey Lowrance takes drug vincrist,Jeramey Lowrance takes drug acetaminophen,Jeramey Lowrance takes drug metoprol,Jeramey Lowrance takes drug naproxen,Jeramey Lowrance takes drug citalop,Evered Cutmore takes drug clozapine,Evered Cutmore takes drug fludarab
olanzapine,anzap,clof,cin,perid,od,perid,ecoxib,iperid,phalan,ameth,Evered Cutmore takes drug olanzap,Evered Cutmore takes drug diclof,Cyril McLoney takes drug niacin,Cyril McLoney takes drug risperid,Cyril McLoney takes drug amlod,Cyril McLoney takes drug risperid,Cyril McLoney takes drug celecoxib,Cyril McLoney takes drug paliperid,Cyril McLoney takes drug melphalan,Cyril McLoney takes drug dexameth
quetiapine,fluox,g gil,aspirin,prednis,g cade,g enas,rug risper,g niac,rug fluox,rug risper,Reuben Aronstam takes drug fluox,Reuben Aronstine takes drug gil,Reuben Aronstam takes drug aspirin.,Reuben Aronstin takes drug prednis,Reuben Aronstoad takes drug cade,Reuben Aronstoun takes drug enas,Silvano Derbyshire takes drug risper,Silvano Derbyson takes drug niac,Silvano Derbyshire takes drug fluox,Silvano Derbyshire takes drug risper
aripiprazole,g risperidone,g clonazep,g rosuvast,g lamivudine,g risperidone,g acetaminophen,g duloxet,g loxapine,g pravastatin,g vincristine,Ardenia January takes drug risperidone,Ardenia January takes drug clonazep,Ardenia January takes drug rosuvast,Ardenia January takes drug lamivudine,Ardenia January takes drug risperidone,Ardenia January takes drug acetaminophen.,Ardenia January takes drug duloxet,Ardenia January takes drug loxapine,Ardenia January takes drug pravastatin,Ardenia January takes drug vincristine
chlorpromazine,cam,nazole,pine,tine,risperid,carbamazep,cytarab,cytarab,rosuv,lamotrig,"Pen Askaw takes drug meloxicam.
",Pen Askaw takes drug ketoconazole.,Pen Askaw takes drug amlodipine,Pen Askaw takes drug duloxetine,Cinnamon Levett takes drug risperid,Cinnamon Levett takes drug carbamazep,Cinnamon Levett takes drug cytarab,Cinnamon Levett takes drug cytarab,Cinnamon Levett takes drug rosuv,Cinnamon Levett takes drug lamotrig
paliperidone,,,,,b,t,b,,cam,idone,Aggi Iredell takes drug gilter,Aggi Iredell takes drug aripip,Aggi Iredell takes drug aripip,Aggi Iredell takes drug lisdex,Aggi Iredell takes drug isosorb,Aggi Iredell takes drug pravast,Aggi Iredell takes drug decitab,Aggi Iredell takes drug bortez,Ringo Willas takes drug meloxicam.,Ringo Willas takes drug risperidone
ziprasidone,viren,azep,etodolac,fluoxetine,clozapine,fluoxetine,niacin,aspirin Patient,clozapine,enasidenib,Ringo Willas takes drug efaviren,Ringo Willas takes drug lorazep,Sutherland Born takes drug etodolac.,Sutherland Born takes drug fluoxetine.,Sutherland Born takes drug clozapine.,Sutherland Born takes drug fluoxetine.,"Sutherland Born takes drug niacin.
","Sutherland Born takes drug aspirin.
Patient",Sutherland Born takes drug clozapine.,Sutherland Born takes drug enasidenib.
loxapine,drug gemfib,drug dicl,drug cadex,drug pravast,drug lamivud,drug queti,drug diclof,drug duloxet,drug ketoconazole,drug risperidone,Ignacius Basler takes drug gemfib,Ignacius Basler takes drug dicl,Ignacius Basler takes drug cadex,Ignacius Basler takes drug pravast,Ignacius Basler takes drug lamivud,Ignacius Basler takes drug queti,Nicoli Mockford takes drug diclof,Nicoli Mockford takes drug duloxet,Nicoli Mockford takes drug ketoconazole,Nicoli Mockford takes drug risperidone
modafinil,g nap,g mel,am,nap,g nap,spirin,lox,a,ital,gl,Cherilynn Gormley takes drug nap,Cherilynn Gaudich takes drug mel,Cherilynn Gynny takes drug am,Cherilynn Gettin takes drug nap,Cherilynn Gafford takes drug nap,Cherilynn Goad takes drug aspirin.,Cherilynn Gault takes drug lox,Cherilynn Geehan takes drug a,Cherilynn Gadd takes drug cital,Cherilynn Gwynn takes drug gl
duloxetine,oxet,od,alid,l,,,,,,,Wadsworth Walkings takes drug fluoxet,Wadsworth Walkings takes drug amlod,Wadsworth Walkings takes drug pomalid,Wadsworth Walkings takes drug dicl,Ruby Andrews takes drug ibrutinib.,Ruby Andrews takes drug ibrutinib.,Ruby Andrews takes drug ibrutinib.,Ruby Andrews takes drug ibrutinib.,Ruby Andrews takes drug ibrutinib.,Ruby Andrews takes drug ibrutinib.
lisdexamfetamine,rug niacin,rug nabumet,rug queti,rug loraz,rug dicl,rug nabumet,rug ketoconaz,rug dulox,ug clonaz,ug aripip,Brodie Kleinstub takes drug niacin,Brodie Kleinstub takes drug nabumet,Brodie Kleinstub takes drug queti,Brodie Kleinstub takes drug loraz,Brodie Kleinstub takes drug dicl,Brodie Kleinstub takes drug nabumet,Brodie Kleinstub takes drug ketoconaz,Brodie Kleinstub takes drug dulox,Morry Jankovsky takes drug clonaz,Morry Jankovsky takes drug aripip
amantadine,bupro,abumet,uxim,dexam,cristine,hium Pat,iperidone,taminophen,odip,oprolol,Morry Jankovsky takes drug ibupro,Morry Jankovsky takes drug nabumet,Datha Skehens takes drug rituxim,Datha Skehens takes drug lisdexam,Datha Skehens takes drug vincristine,"Datha Skehens takes drug lithium.
Pat",Datha Skehens takes drug paliperidone,Datha Skehens takes drug acetaminophen.,Datha Skehens takes drug amlodip,Datha Skehens takes drug metoprolol
armodafinil,loxicam,prazol,azepam,lterit,talopram,proxen,loperidol,speridone,motrigine,uoxetine,Cobb Garaghan takes drug meloxicam.,Cobb Garaghan takes drug alprazol,Cobb Garaghan takes drug diazepam.,Cobb Garaghan takes drug gilterit,Cobb Garaghan takes drug citalopram,Cobb Garaghan takes drug naproxen.,Filmer Jesson takes drug haloperidol,Filmer Jesson takes drug risperidone,Filmer Jesson takes drug lamotrigine,Filmer Jesson takes drug fluoxetine
modafinil,drug methot,drug quet,drug aspirin,drug risper,drug prav,drug acetamin,drug cytar,drug gemf,drug prav,drug metop,Florry Adamthwaite takes drug methot,Florry Adamthwaite takes drug quet,Florry Adamthwaite takes drug aspirin.,Florry Adamthwaite takes drug risper,Florry Adamthwaite takes drug prav,Florry Adamthwaite takes drug acetamin,Florry Adamthwaite takes drug cytar,Florry Adamthwaite takes drug gemf,Florry Adamthwaite takes drug prav,Florry Adamthwaite takes drug metop
duloxetine,diclof,amlodip,risperidone,fenofib,clozap,g aten,g quet,g niac,dic,ug ris,Valene Megarry takes drug diclof,Valene Megarry takes drug amlodip,Valene Megarry takes drug risperidone,Valene Megarry takes drug fenofib,Barbette Eage takes drug clozap,Barbette Eagell takes drug aten,Barbette Eagell takes drug quet,Barbette Eagely takes drug niac,Barbette Eagey takes drug dic,Barbette Eagebom takes drug ris
lisdexamfetamine,ical condition,g met,rit,alp,ric,dic,lamiv,em,daunor,amlod,Elvera Irn has a rare medical condition,Elvera Irnattie takes drug met,Elvera Irnside takes drug rit,Elvera Irnall takes drug alp,Elvera Irn takes drug emtric,Elvera Irnold takes drug dic,Elvera Irnman takes drug lamiv,Elvera Irnwein takes drug em,Cloe Cheverell takes drug daunor,Cloe Cheverell takes drug amlod
amantadine,oxen,nav,one,,d,m,az,l,,,Cloe Cheverell takes drug naproxen,Cloe Cheverell takes drug ritonav,Afton Haney takes drug prednisone,Afton Haney takes drug fenof,Afton Haney takes drug risperid,Afton Haney takes drug diazepam,Afton Haney takes drug ketoconaz,Afton Haney takes drug metoprol,Afton Haney takes drug alpraz,Afton Haney takes drug metolol
armodafinil,tarabine,tarabine,acinamide,loxet,pirin Pat,speridone,inafine,oxen,arab,xomer,Clay Bundock takes drug cytarabine,Clay Bundock takes drug cytarabine,Clay Bundock takes drug niacinamide,Clay Bundock takes drug duloxet,"Clay Bundock takes drug aspirin.
Pat",Clay Bundock takes drug risperidone,Cora Malin takes drug terbinafine,Cora Malin takes drug naproxen.,Cora Malin takes drug fludarab,Cora Malin takes drug cadexomer
atorvastatin,isosorbide,amodafin,lorazep,duloxet,duloxet,lisdexam,emtricit,cytarabine,ketoconazole,cadexomer,Darbee Dominka takes drug isosorbide,Darbee Dominka takes drug amodafin,Darbee Dominka takes drug lorazep,Darbee Dominka takes drug duloxet,Darbee Dominka takes drug duloxet,Darbee Dominka takes drug lisdexam,Darbee Dominka takes drug emtricit,Darbee Dominka takes drug cytarabine,Darbee Dominka takes drug ketoconazole,Darbee Dominka takes drug cadexomer
simvastatin,queti,ibritum,clonaz,clozap,rug lamiv,rug aml,rug quet,rug prav,rug aml,rug ibup,Rodd Greson takes drug queti,Rodd Greson takes drug ibritum,Rodd Greson takes drug clonaz,Rodd Greson takes drug clozap,Olivie Sharpley takes drug lamiv,Olivie Sharpley takes drug aml,Olivie Sharpley takes drug quet,Olivie Sharpley takes drug prav,Olivie Sharpley takes drug aml,Olivie Sharpley takes drug ibup
pravastatin,ncrist,sos,rbina,sperid,upro,bumet,elecox,cl,spirin Pat,buprofen,Chadd Laveren takes drug vincrist,Chadd Laverenz takes drug isos,Chadd Laveren takes drug terbina,Chadd Laveren takes drug risperid,Chadd Laveren takes drug ibupro,Chadd Laveren takes drug nabumet,Chadd Laverenz takes drug celecox,Chadd Laveren takes drug dicl,"Benji Growcott takes drug aspirin.
Pat",Benji Growcott takes drug ibuprofen
rosuvastatin,ibrutin,ritonavir,drug cytar,rug l-,rug emt,drug acetamin,g gilter,rug terb,ug haloper,g fluoxet,Benji Growcott takes drug ibrutin,Benji Growcott takes drug ritonavir,Saunderson Saturley takes drug cytar,Saunderson Saturms takes drug l-,Saunderson Saturin takes drug emt,Saunderson Saturley takes drug acetamin,Saunderson Satur takes drug gilter,Saunderson Saturty takes drug terb,Saunderson Saturd takes drug haloper,Saunderson Satur takes drug fluoxet
lovastatin,ndroitin,alopram,arabine,ivudine,tiap,oxicam,sperid,eti,ozap,tarab,Alvan Laste takes drug chondroitin,Alvan Laste takes drug citalopram,Alvan Laste takes drug cytarabine,Alvan Laste takes drug lamivudine,Alvan Laste takes drug quetiap,Alvan Laste takes drug meloxicam.,Beth Kitchin takes drug risperid,Beth Kitchin takes drug queti,Beth Kitchin takes drug clozap,Beth Kitchin takes drug cytarab
ezetimibe,eridone,rabine,apine,amazepine,rofen,azep,lidom,thin,droitin,zep,Quentin Bondley takes drug risperidone,Quentin Bondley takes drug cytarabine,Quentin Bondley takes drug clozapine,Quentin Bondley takes drug carbamazepine,Quentin Bondley takes drug ibuprofen,Quentin Bondley takes drug clonazep,Quentin Bondley takes drug pomalidom,Quentin Bondley takes drug amnothin,Quentin Bondley takes drug chondroitin,Quentin Bondley takes drug lorazep
gemfibrozil,ug amlod,ug clozap,ug diazepam,ug clozap,g diclof,g efaviren,g meloxicam,g rosuvast,g diclof,g amlodip,Vanni Davydkov takes drug amlod,Vanni Davydkov takes drug clozap,Vanni Davydkov takes drug diazepam,Vanni Davydkov takes drug clozap,Henry Grafhom takes drug diclof,Henry Grafhom takes drug efaviren,Henry Grafhom takes drug meloxicam.,Henry Grafhom takes drug rosuvast,Henry Grafhom takes drug diclof,Henry Grafhom takes drug amlodip
niacin,g emtric,g lamivud,g meloxicam,g ritonav,g paliperid,g ibritum,g pravast,g bortez,abumetone,buprofen,Daniella Seges takes drug emtric,Daniella Seges takes drug lamivud,Daniella Seges takes drug meloxicam,Daniella Seges takes drug ritonav,Daniella Seges takes drug paliperid,Daniella Seges takes drug ibritum,Daniella Seges takes drug pravast,Daniella Seges takes drug bortez,Ced Murtell takes drug nabumetone,Ced Murtell takes drug ibuprofen
ezetimibe AND simvastatin,eridone,lopram,rmustine,ozap,lox,uoxet,lod,suv,rbina,pirin,Ced Murtell takes drug risperidone,Ced Murtell takes drug citalopram,Fay Raxworthy takes drug carmustine,Fay Raxworthy takes drug clozap,Fay Raxworthy takes drug dulox,Fay Raxworthy takes drug fluoxet,Fay Raxworthy takes drug amlod,Fay Raxworthy takes drug rosuv,Fay Raxworthy takes drug terbina,"Fay Raxworthy takes drug aspirin.
"
fenofibric acid,sosorbide,lanzap,todolac,buprofen,isperidone,etoconazole,alpraz,ritux,amlod,gilter,Kial Bestiman takes drug isosorbide,Kial Bestiman takes drug olanzap,Kial Bestiman takes drug etodolac,Kial Bestiman takes drug ibuprofen,Kial Bestiman takes drug risperidone,Kial Bestiman takes drug ketoconazole,Chicky Lovelock takes drug alpraz,Chicky Lovelock takes drug ritux,Chicky Lovelock takes drug amlod,Chicky Lovelock takes drug gilter
atorvastatin,lecoxib,metop,metop,risper,bort,naprox,aml,cytar,cital,lox,Penny MacMick takes drug celecoxib,Penny MacMickoy takes drug metop,Penny MacMickan takes drug metop,Penny MacMickan takes drug risper,Penny MacMickie takes drug bort,Penny MacMickie takes drug naprox,Penny MacMickin takes drug aml,Penny MacMickan takes drug cytar,Penny MacMickety takes drug cital,Penny MacMick takes drug dulox
simvastatin,acetaminophen,lamivud,prednisone,carbamazep,,,z,,s,,Thorndike Bartlet takes drug acetaminophen,Thorndike Bartlet takes drug lamivud,Thorndike Bartlet takes drug prednisone,Thorndike Bartlet takes drug carbamazep,Aindrea Cazier takes drug rit,Aindrea Cazal takes drug ibup,Aindrea Cazaly takes drug cloz,Aindrea Cazenave takes drug a,Aindrea Cazman takes drug isos,Aindrea Cazar takes drug isos
pravastatin,asiden,uoxet,cl,toconaz,etaminophen,ednisone,tonav,sperid,carbamazep,nabumet,Orv Cawther takes drug enasiden,Orv Cawther takes drug fluoxet,Orv Cawther takes drug dicl,Orv Cawther takes drug ketoconaz,Orv Cawther takes drug acetaminophen,Orv Cawther takes drug prednisone,Orv Cawther takes drug ritonav,Orv Cawther takes drug risperid,Kimmi Gleadle takes drug carbamazep,Kimmi Gleadle takes drug nabumet
rosuvastatin,daratum,rosuv,nap,ug nap,ug celecox,aml,ug l,fen,ug d,dic,Kimmi Gleadle takes drug daratum,Kimmi Gleadle takes drug rosuv,Aldus MacDulb takes drug nap,Aldus MacDowall takes drug nap,Aldus MacDowell takes drug celecox,Aldus MacDuff takes drug aml,Aldus MacDermid takes drug l,Aldus MacDuff takes drug fen,Aldus MacDuffie takes drug d,Aldus MacDuff takes drug dic
lovastatin,proxen,lodip,pirin Pat,avastatin,ritumom,antadine,g midostaurin,g carbamazepine,g cytarabine,g meloxicam,Clem Wyborn takes drug naproxen.,Clem Wyborn takes drug amlodip,"Clem Wyborn takes drug aspirin.
Pat",Clem Wyborn takes drug pravastatin,Clem Wyborn takes drug ibritumom,Clem Wyborn takes drug amantadine,Benjamin Drover takes drug midostaurin,Benjamin Drover takes drug carbamazepine,Benjamin Drover takes drug cytarabine,Benjamin Drover takes drug meloxicam.
ezetimibe,exam,eridone,ezom,exam,arab,eridone,ipraz,vudine,eridone,dip,Gigi Boyles takes drug lisdexam,Gigi Boyles takes drug risperidone,Gigi Boyles takes drug bortezom,Gigi Boyles takes drug lisdexam,Gigi Boyles takes drug fludarab,Gigi Boyles takes drug risperidone,Gigi Boyles takes drug aripipraz,Gigi Boyles takes drug lamivudine,Gigi Boyles takes drug risperidone,Gigi Boyles takes drug amlodip
gemfibrozil,isosorbide,diclof,metoprolol,quetiap,ug methotrex,ug loraz,ug vincrist,ug loxap,ug atenol,ug cytarab,Barbe Kinney takes drug isosorbide,Barbe Kinney takes drug diclof,Barbe Kinney takes drug metoprolol,Barbe Kinney takes drug quetiap,Lindon Fautley takes drug methotrex,Lindon Fautley takes drug loraz,Lindon Fautley takes drug vincrist,Lindon Fautley takes drug loxap,Lindon Fautley takes drug atenol,Lindon Fautley takes drug cytarab
niacin,iacin,luoxet,patient with,dic,isperid,icl,isperid,isperid,xam,ridone,Tonye Schoffel takes drug niacin,Tonye Schoffel takes drug fluoxet,Tonye Schoffel is the other patient with,Tonye Schoffelen takes drug dic,Tonye Schoffel takes drug risperid,Tonye Schoffel takes drug dicl,Tonye Schoffel takes drug risperid,Tonye Schoffel takes drug risperid,Abbe Isted takes drug lisdexam,Abbe Isted takes drug risperidone
ezetimibe AND simvastatin,lanzap,uloxet,ug dexamethas,ug amlodip,ug vincristine,ug duloxet,ug risperidone,ug aspirin,ug ketoconazole,ug loxapine,Abbe Isted takes drug olanzap,Abbe Isted takes drug duloxet,Rossy Frankish takes drug dexamethas,Rossy Frankish takes drug amlodip,Rossy Frankish takes drug vincristine,Rossy Frankish takes drug duloxet,Rossy Frankish takes drug risperidone,"Rossy Frankish takes drug aspirin.
Pat",Rossy Frankish takes drug ketoconazole,Rossy Frankish takes drug loxapine
fenofibric acid,rug aml,rug cytar,rug niac,rug quet,dicl,rug risper,ug rosuv,ug vincrist,ug citalop,ug paliperid,Kelvin Yeardsley takes drug aml,Kelvin Yeardsall takes drug cytar,Kelvin Yeardsley takes drug niac,Kelvin Yeardsley takes drug quet,Kelvin Yeards takes drug dicl,Kelvin Yeardsley takes drug risper,Tiebold Lampert takes drug rosuv,Tiebold Lampert takes drug vincrist,Tiebold Lampert takes drug citalop,Tiebold Lampert takes drug paliperid
atorvastatin,clozapine,carmustine,miconazole,efaviren,lovastatin,metoprolol,rituxim,daunorub,lithium Pat,gemfibro,Kath Korejs takes drug clozapine,Kath Korejs takes drug carmustine.,Kath Korejs takes drug miconazole,Kath Korejs takes drug efaviren,Kath Korejs takes drug lovastatin.,Kath Korejs takes drug metoprolol,Kath Korejs takes drug rituxim,Kath Korejs takes drug daunorub,"Kath Korejs takes drug lithium.
Pat",Kath Korejs takes drug gemfibro
simvastatin,diazepam,vincrist,miconaz,amlod,carmustine,clozapine,melphalan,daratumum,lamotrigine,alprazol,Bronny Sefton takes drug diazepam,Bronny Sefton takes drug vincrist,Bronny Sefton takes drug miconaz,Bronny Sefton takes drug amlod,Neda Schroter takes drug carmustine.,Neda Schroter takes drug clozapine,Neda Schroter takes drug melphalan.,Neda Schroter takes drug daratumum,Neda Schroter takes drug lamotrigine,Neda Schroter takes drug alprazol
pravastatin,ug duloxet,ug risperidone,ug metoprolol,ug citalopram,ug citalopram,ug vincristine,ug ibrutin,ug terbinafine,taminophen,roxen,Farleigh Brunnen takes drug duloxet,Farleigh Brunnen takes drug risperidone,Farleigh Brunnen takes drug metoprolol,Farleigh Brunnen takes drug citalopram,Farleigh Brunnen takes drug citalopram,Farleigh Brunnen takes drug vincristine,Farleigh Brunnen takes drug ibrutin,Farleigh Brunnen takes drug terbinafine,Wanda Lief takes drug acetaminophen.,Wanda Lief takes drug naproxen.
rosuvastatin,,,abine,in Pat,ofen,ridone,ofen,m,ast,rolol,Wanda Lief takes drug diclof,Wanda Lief takes drug diclof,Adore Girke takes drug cytarabine,"Adore Girke takes drug aspirin.
Pat",Adore Girke takes drug ibuprofen,Adore Girke takes drug risperidone,Adore Girke takes drug ibuprofen,Adore Girke takes drug ezetim,Adore Girke takes drug rosuvast,Adore Girke takes drug metoprolol
lovastatin,lanzap,arbamazepine,uetiap,abumetone,britumom,itonavir,aspirin Pat,atenol,aripipraz,cyclophosphamide,Akim Bugg takes drug olanzap,Akim Bugg takes drug carbamazepine,Akim Bugg takes drug quetiap,Akim Bugg takes drug nabumetone,Akim Bugg takes drug ibritumom,Akim Bugg takes drug ritonavir,"Neala Gumm takes drug aspirin.
Pat",Neala Gumm takes drug atenol.,Neala Gumm takes drug aripipraz,Neala Gumm takes drug cyclophosphamide
ezetimibe,g glasdegib,g meloxicam,g clozapine,g lithium,g risperidone,g abacavir,g naproxen,g fluoxetine,g lorazep,g risperidone,Alika Mateiko takes drug glasdegib,Alika Mateiko takes drug meloxicam.,Alika Mateiko takes drug clozapine,"Alika Mateiko takes drug lithium.
Pat",Alika Mateiko takes drug risperidone,Alika Mateiko takes drug abacavir,Alika Mateiko takes drug naproxen.,Alika Mateiko takes drug fluoxetine,Alika Mateiko takes drug lorazep,Alika Mateiko takes drug risperidone
gemfibrozil,kes drug,kes drug,takes drug,akes drug,ug prednis,rug aspirin,drug qu,drug lam,drug r,g metop,Mallory Greenshiel takes drug fluox,Mallory Greenshiel takes drug aspirin.,Mallory Greenshipper takes drug prednis,Mallory Greenshiper takes drug acetamin,Jinny Broune takes drug prednis,Jinny Brounse takes drug aspirin,Jinny Brounshaw takes drug qu,Jinny Brouchner takes drug lam,Jinny Broussard takes drug r,Jinny Broun takes drug metop
niacin,drug terb,drug terb,drug risper,kes drug,kes drug,kes drug,ug fenof,drug bort,drug p,s drug,Alvinia Marusiak takes drug terb,Alvinia Marusak takes drug terb,Alvinia Marusci takes drug risper,Alvinia Maruszewski takes drug c,Alvinia Maruszewski takes drug b,Alvinia Maruszewski takes drug l,Alvinia Marus takes drug fenof,Alvinia Marusic takes drug bort,Aguistin Forsyde takes drug p,Aguistin Forsythe takes drug n
ezetimibe AND simvastatin,cytar,rug aspirin,iacin,aunor,ueti,arbamazep,exameth,sosorb,incrist,incrist,Aguistin Forsy takes drug cytar,Aguistin Forsberg takes drug aspirin.,Nolie Gatiss takes drug niacin,Nolie Gatiss takes drug daunor,Nolie Gatiss takes drug queti,Nolie Gatiss takes drug carbamazep,Nolie Gatiss takes drug dexameth,Nolie Gatiss takes drug isosorb,Nolie Gatiss takes drug vincrist,Nolie Gatiss takes drug vincrist
fenofibric acid,bamaz,prox,must,mv,per,m,,,,,Lizette De André takes drug carbamaz,Lizette De Andray takes drug naprox,Lizette De Andri takes drug carmust,Lizette De Andros takes drug simv,Lizette De André takes drug risper,Lizette De Anda takes drug nabum,Ashley Caudle takes drug dulox,Ashley Caudle takes drug bortez,Ashley Caudle takes drug queti,Ashley Caudle takes drug bortez
atorvastatin,dic,ug,cloz,ez,l-,quet,ibup,metop,,sert,Fitzgerald Cuthbert takes drug dic,Fitzgerald Cuthbertson takes drug,Fitzgerald Cuthbert takes drug cloz,Fitzgerald Cuthbert takes drug ez,Fitzgerald Cuthbert takes drug l-,Fitzgerald Cuthbert takes drug quet,Fitzgerald Cuthbert takes drug ibup,Fitzgerald Cuthbert takes drug metop,Fitzgerald Cuth takes drug dicl,Fitzgerald Cuthbert takes drug sert
simvastatin,loraz,ibupro,fludar,clozap,apine,umumab,mibe,in Patient,eridol,opram,Caralie Billanie takes drug loraz,Caralie Billanie takes drug ibupro,Caralie Billanie takes drug fludar,Caralie Billanie takes drug clozap,Lind Kovacs takes drug quetiapine,Lind Kovacs takes drug daratumumab,Lind Kovacs takes drug ezetimibe,"Lind Kovacs takes drug aspirin.
Patient",Lind Kovacs takes drug haloperidol.,Lind Kovacs takes drug citalopram.
pravastatin,ug risperidone,ug terbinafine,ug vincristine,ug olanzap,ug fluoxetine,ug carbamazepine,ug amlodip,ug pomalidom,methotrex,chondroit,Daven Marchant takes drug risperidone,Daven Marchant takes drug terbinafine,Daven Marchant takes drug vincristine,Daven Marchant takes drug olanzap,Daven Marchant takes drug fluoxetine,Daven Marchant takes drug carbamazepine,Daven Marchant takes drug amlodip,Daven Marchant takes drug pomalidom,Ayn Feacham takes drug methotrex,Ayn Feacham takes drug chondroit
rosuvastatin,asid,ap,navir,iap,peridol,idomide,otrexate,epam,erit,xetine,Ayn Feacham takes drug lurasid,Ayn Feacham takes drug loxap,Barri Veal takes drug ritonavir,Barri Veal takes drug quetiap,Barri Veal takes drug haloperidol,Barri Veal takes drug thalidomide,Barri Veal takes drug methotrexate,Barri Veal takes drug diazepam.,Barri Veal takes drug gilterit,Barri Veal takes drug fluoxetine
lovastatin,rug ef,drug quet,rug naprox,rug vinc,rug idel,drug cytar,rug riton,amlod,amlod,ritonav,Ardelis Sagrott takes drug ef,Ardelis Sagroton takes drug quet,Ardelis Sagrott takes drug naprox,Ardelis Sagrott takes drug vinc,Ardelis Sagrott takes drug idel,Ardelis Sagrotto takes drug cytar,Siward Foukxell takes drug riton,Siward Foukx takes drug amlod,Siward Foukx takes drug amlod,Siward Foukx takes drug ritonav
ezetimibe,drug fluoxetine,drug lovastatin,drug isosorbide,drug meloxicam,drug cytarabine,drug acetaminophen,drug isosorbide,drug methotrexate,drug diclof,drug niacin,Jannel Somerton takes drug fluoxetine,Jannel Somerton takes drug lovastatin.,Jannel Somerton takes drug isosorbide,Jannel Somerton takes drug meloxicam.,Jannel Somerton takes drug cytarabine,Jannel Somerton takes drug acetaminophen.,Jannel Somerton takes drug isosorbide,Jannel Somerton takes drug methotrexate,Jannel Somerton takes drug diclof,Jannel Somerton takes drug niacin.
gemfibrozil,duloxet,pomalidom,loxapine,terbinafine,clozap,mitoxant,bortez,emtric,melphalan,queti,Bernard Collett takes drug duloxet,Bernard Collett takes drug pomalidom,Bernard Collett takes drug loxapine,Bernard Collett takes drug terbinafine,Hunfredo Siggins takes drug clozap,Hunfredo Siggins takes drug mitoxant,Hunfredo Siggins takes drug bortez,Hunfredo Siggins takes drug emtric,Hunfredo Siggins takes drug melphalan,Hunfredo Siggins takes drug queti
niacin,dicl,naproxen,chondroit,lorcaser,acetaminophen,risperid,aripip,citalop,drug riton,drug naprox,Rakel Vargas takes drug dicl,Rakel Vargas takes drug naproxen,Rakel Vargas takes drug chondroit,Rakel Vargas takes drug lorcaser,Rakel Vargas takes drug acetaminophen,Rakel Vargas takes drug risperid,Rakel Vargas takes drug aripip,Rakel Vargas takes drug citalop,Gloriana Ottewill takes drug riton,Gloriana Ottewald takes drug naprox
ezetimibe AND simvastatin,g dic,g cytar,itroglycer,isperid,-m,iazepam,ilter,hlorpromazine,zet,isperid,Gloriana Ottewall takes drug dic,Gloriana Ottewton takes drug cytar,Oswell Danford takes drug nitroglycer,Oswell Danford takes drug risperid,Oswell Danford takes drug l-m,Oswell Danford takes drug diazepam,Oswell Danford takes drug gilter,Oswell Danford takes drug chlorpromazine,Oswell Danford takes drug ezet,Oswell Danford takes drug risperid
fenofibric acid,rtraline,lodip,rtraline,tuxim,elalisib,lodip,carbamazep,isosorb,naproxen,lamivud,Niven Axelbee takes drug sertraline,Niven Axelbee takes drug amlodip,Niven Axelbee takes drug sertraline,Niven Axelbee takes drug rituxim,Niven Axelbee takes drug idelalisib,Niven Axelbee takes drug amlodip,Binky Croisdall takes drug carbamazep,Binky Croisdall takes drug isosorb,Binky Croisdall takes drug naproxen,Binky Croisdall takes drug lamivud
modafinil,fludarab,clonazep,diclof,cadexomer,diclof,diclof,ezetim,gilterit,cytarabine,carbamazepine,Calla Rapport takes drug fludarab,Calla Rapport takes drug clonazep,Calla Rapport takes drug diclof,Calla Rapport takes drug cadexomer,Calla Rapport takes drug diclof,Calla Rapport takes drug diclof,Calla Rapport takes drug ezetim,Calla Rapport takes drug gilterit,Calla Rapport takes drug cytarabine,Calla Rapport takes drug carbamazepine
duloxetine,haloperid,cytarab,dicl,metoprol,g ritux,g citalop,g vincrist,g dicl,g queti,g carbamazep,Giffer Upstone takes drug haloperid,Giffer Upstone takes drug cytarab,Giffer Upstone takes drug dicl,Giffer Upstone takes drug metoprol,Josias Carstairs takes drug ritux,Josias Carstairs takes drug citalop,Josias Carstairs takes drug vincrist,Josias Carstairs takes drug dicl,Josias Carstairs takes drug queti,Josias Carstairs takes drug carbamazep
lisdexamfetamine,ne,,e,e,e,,ole,,lamivud,ketoconaz,Alfy Yu takes drug risperidone,Alfy Yu takes drug ibuprofen,Alfy Yu takes drug fluoxetine,Alfy Yu takes drug carmustine.,Alfy Yu takes drug cytarabine,Alfy Yu takes drug gilterit,Alfy Yu takes drug ketoconazole,Alfy Yu takes drug clonazep,Jannelle Riseley takes drug lamivud,Jannelle Riseley takes drug ketoconaz
amantadine,kes drug,kes drug,es drug,es drug,es drug,es drug,es drug,es drug,es drug,es drug,Jannelle Riseley takes drug dicl,Jannelle Riseley takes drug fluoxet,Albina Stranger takes drug citalopram,Albina Stranger takes drug terbinafine,Albina Stranger takes drug fluoxetine,Albina Stranger takes drug enasidenib,Albina Stranger takes drug meloxicam.,Albina Stranger takes drug amlodip,Albina Stranger takes drug idelalisib,Albina Stranger takes drug diclof
armodafinil,efav,clozap,naproxen,lamivud,pomalid,acetaminophen,bup,halid,cytar,riton,Dela Kitchingman takes drug efav,Dela Kitchingman takes drug clozap,Dela Kitchingman takes drug naproxen,Dela Kitchingman takes drug lamivud,Dela Kitchingman takes drug pomalid,Dela Kitchingman takes drug acetaminophen,Gothart Denmead takes drug ibup,Gothart Denmead takes drug thalid,Gothart Denmeade takes drug cytar,Gothart Denmeadow takes drug riton
modafinil,infection,efav,cytarab,lurasid,clozap,lithium,risperid,asenap,fenof,amlod,Georgianna Kroll is an HIV infection.,Georgianna Kroll takes drug efav,Georgianna Kroll takes drug cytarab,Georgianna Kroll takes drug lurasid,Georgianna Kroll takes drug clozap,"Georgianna Kroll takes drug lithium.
",Georgianna Kroll takes drug risperid,Georgianna Kroll takes drug asenap,Georgianna Kroll takes drug fenof,Georgianna Kroll takes drug amlod
duloxetine,roxen,lalis,irin,ex,suv,ncrist,toprol,av,cl,praz,Mychal Kibbee takes drug naproxen,Mychal Kibbee takes drug idelalis,"Mychal Kibbee takes drug aspirin.
",Mychal Kibbee takes drug cadex,Juieta Daville takes drug rosuv,Juieta Daville takes drug vincrist,Juieta Daville takes drug metoprol,Juieta Daville takes drug efav,Juieta Daville takes drug dicl,Juieta Daville takes drug alpraz
lisdexamfetamine,incrist,ytarab,itux,bupro,erbina,rednisone,luoxet,icl,iton,iac,Norbie Kefford takes drug vincrist,Norbie Kefford takes drug cytarab,Norbie Kefford takes drug ritux,Norbie Kefford takes drug ibupro,Norbie Kefford takes drug terbina,Norbie Kefford takes drug prednisone,Norbie Kefford takes drug fluoxet,Norbie Kefford takes drug dicl,Ailina Dhillon takes drug riton,Ailina Dhillon takes drug niac
amantadine,,,roxen,binafine,darab,alopram,alopram,oxet,roxen,profen,Ailina Dhillon takes drug enas,Ailina Dhillon takes drug iden,Hillary Coleyshaw takes drug naproxen.,Hillary Coleyshaw takes drug terbinafine,Hillary Coleyshaw takes drug fludarab,Hillary Coleyshaw takes drug citalopram,Hillary Coleyshaw takes drug citalopram,Hillary Coleyshaw takes drug duloxet,Hillary Coleyshaw takes drug naproxen.,Hillary Coleyshaw takes drug ibuprofen
armodafinil,ug niacin,ug sertraline,ug ritonavib,ug enasidenib,ug lamivudine,ug loxapine,sperid,rtral,toconaz,cl,Tomlin Daughtery takes drug niacin.,Tomlin Daughtery takes drug sertraline,Tomlin Daughtery takes drug ritonavib,Tomlin Daughtery takes drug enasidenib,Tomlin Daughtery takes drug lamivudine,Tomlin Daughtery takes drug loxapine,Luce Eassom takes drug risperid,Luce Eassom takes drug sertral,Luce Eassom takes drug ketoconaz,Luce Eassom takes drug dicl
lamivudine,celecoxib,cytarabine,pomalidom,cytarabine,fludarab,aripipraz,terbinafine,carfilzom,niacin,pomalidom,Edmon Killingworth takes drug celecoxib.,Edmon Killingworth takes drug cytarabine,Edmon Killingworth takes drug pomalidom,Edmon Killingworth takes drug cytarabine,Edmon Killingworth takes drug fludarab,Edmon Killingworth takes drug aripipraz,Edmon Killingworth takes drug terbinafine,Edmon Killingworth takes drug carfilzom,Edmon Killingworth takes drug niacin.,Edmon Killingworth takes drug pomalidom
efavirenz AND emtricitabine AND tenofovir,emtric,dexameth,dicl,terbina,apine,lof,itumom,lof,tezom,cin,Gasparo Pittem takes drug emtric,Gasparo Pittem takes drug dexameth,Gasparo Pittem takes drug dicl,Gasparo Pittem takes drug terbina,Jobyna Sore takes drug loxapine,Jobyna Sore takes drug diclof,Jobyna Sore takes drug ibritumom,Jobyna Sore takes drug diclof,Jobyna Sore takes drug bortezom,Jobyna Sore takes drug niacin.
ritonavir,rug naproxen,rug clonaz,rug cytarab,rug haloperid,rug queti,rug acetaminophen,rug simvast,rug aripip,ug aml,ug quet,Oralie Halfhead takes drug naproxen,Oralie Halfhead takes drug clonaz,Oralie Halfhead takes drug cytarab,Oralie Halfhead takes drug haloperid,Oralie Halfhead takes drug queti,Oralie Halfhead takes drug acetaminophen,Oralie Halfhead takes drug simvast,Oralie Halfhead takes drug aripip,Buckie Ivoshak takes drug aml,Buckie Ivoshin takes drug quet
emtricitabine AND tenofovir,aspirin,ar,rug ibrit,rug ef,rug risper,rug melph,rug terb,ezet,drug risper,drug paliper,Buckie Ivoshkin takes drug aspirin.,Buckie Ivoshuk takes drug dar,Shepperd Tattersall takes drug ibrit,Shepperd Tattersall takes drug ef,Shepperd Tattersall takes drug risper,Shepperd Tattersall takes drug melph,Shepperd Tattersall takes drug terb,Shepperd Tatters takes drug ezet,Shepperd Tattersfield takes drug risper,Shepperd Tattersfield takes drug paliper
tenofovir,g rosu,idelalis,cadex,g dic,ug alp,pravast,odip,mustine,vastatin,operidol,Dennison Churney takes drug rosu,Dennison Churn takes drug idelalis,Dennison Churn takes drug cadex,Dennison Churney takes drug dic,Dennison Churnell takes drug alp,Dennison Churn takes drug pravast,Andie Darko takes drug amlodip,Andie Darko takes drug carmustine.,Andie Darko takes drug simvastatin,Andie Darko takes drug haloperidol
abacavir,,,,,,,,,,x,Giulio Poldridge takes drug niac,Giulio Poldorn takes drug rit,Giulio Polders takes drug dic,Giulio Poldemeyer takes drug,Giulio Polden takes drug cital,Giulio Poldust takes drug luras,Giulio Poldrey takes drug fluox,Giulio Poldridge takes drug simv,Giulio Poldissen takes drug acet,Giulio Poldridge takes drug fluox
collagenase,cetaminophen,luoxetine,isdexam,aproxen,ivud,ml,arab,zap,raz,tuz,Jeannie Ajean takes drug acetaminophen.,Jeannie Ajean takes drug fluoxetine,Jeannie Ajean takes drug lisdexam,Jeannie Ajean takes drug naproxen.,Kyla Scouse takes drug lamivud,Kyla Scousely takes drug aml,Kyla Scouse takes drug cytarab,Kyla Scouse takes drug clozap,Kyla Scouse takes drug alpraz,Kyla Scouse takes drug gemtuz
becaplermin,rug niacin,rug queti,rug aspirin,rug ibupro,rug aripip,rug ibupro,rug fludar,rug clozap,g gilter,g l-m,Alexis Gasgarth takes drug niacin,Alexis Gasgarth takes drug queti,"Alexis Gasgarth takes drug aspirin.
",Alexis Gasgarth takes drug ibupro,Alexis Gasgarth takes drug aripip,Alexis Gasgarth takes drug ibupro,Alexis Gasgarth takes drug fludar,Alexis Gasgarth takes drug clozap,Raddy Ormonde takes drug gilter,Raddy Ormonde takes drug l-m
cadexomer iodine,risperid,dicl,s drug,s drug,s drug,s drug,s drug,s drug,s drug,s drug,Raddy Ormonde takes drug risperid,Raddy Ormonde takes drug dicl,Constantin Romanetti takes drug naproxen,Constantin Romanetti takes drug amlod,Constantin Romanetti takes drug terbina,Constantin Romanetti takes drug loxap,Constantin Romanetti takes drug diazepam,Constantin Romanetti takes drug queti,Constantin Romanetti takes drug pravast,Constantin Romanetti takes drug naproxen
collagenase,isperidone,cetaminophen,lonazep,enofib,zetim,eloxicam,elecoxib,italopram,aproxen,italopram,Dore Coleiro takes drug risperidone,Dore Coleiro takes drug acetaminophen.,Dore Coleiro takes drug clonazep,Dore Coleiro takes drug fenofib,Dore Coleiro takes drug ezetim,Dore Coleiro takes drug meloxicam.,Elmer Drover takes drug celecoxib.,Elmer Drover takes drug citalopram,Elmer Drover takes drug naproxen.,Elmer Drover takes drug citalopram
becaplermin,,irin,d,uras,aml,,luras,ox,,de,Shirlene Jaskie takes drug aml,Shirlene Jaskins takes drug aspirin.,Shirlene Jaskin takes drug amiod,Shirlene Jaskovich takes drug luras,Shirlene Jaskiewicz takes drug aml,Shirlene Jaskow takes drug terb,Shirlene Jaskiewicz takes drug luras,Shirlene Jaskovich takes drug lox,Shirlene Jasky takes drug lox,Shirlene Jaskovic takes drug cade
cadexomer iodine,niacin,ibuprofen,bortezom,fluoxetine,talopram,speridone,tonavir,clof,etim,dexomer,Judas Watterson takes drug niacin.,Judas Watterson takes drug ibuprofen,Judas Watterson takes drug bortezom,Judas Watterson takes drug fluoxetine,Hardy Gerardi takes drug citalopram,Hardy Gerardi takes drug risperidone,Hardy Gerardi takes drug ritonavir,Hardy Gerardi takes drug diclof,Hardy Gerardi takes drug ezetim,Hardy Gerardi takes drug cadexomer
meloxicam,ricit,oxetine,azep,lof,lalisib,ivudine,ndroitin,arabine,aspirin,fluoxet,Liv Roback takes drug emtricit,Liv Roback takes drug fluoxetine,Liv Roback takes drug lorazep,Liv Roback takes drug diclof,Liv Roback takes drug idelalisib,Liv Roback takes drug lamivudine,Liv Roback takes drug chondroitin,Liv Roback takes drug cytarabine,"Korella Capoun takes drug aspirin.
",Korella Capoun takes drug fluoxet
diclofenac,rug clozap,rug clozap,ug lisd,ug risper,ug methot,s drug,ug melph,ug risper,ug idel,ug melph,Korella Capoun takes drug clozap,Korella Capoun takes drug clozap,Marj Yegorkin takes drug lisd,Marj Yegorkin takes drug risper,Marj Yegorkin takes drug methot,Marj Yegorkiewicz takes drug isos,Marj Yegorkin takes drug melph,Marj Yegorkin takes drug risper,Marj Yegorkin takes drug idel,Marj Yegorkin takes drug melph
naproxen,g ritonav,g risperid,g cytarab,g enasiden,g cadex,g cytarab,quet,cloz,g s,g,Ofelia Petrovsky takes drug ritonav,Ofelia Petrovsky takes drug risperid,Ofelia Petrovsky takes drug cytarab,Ofelia Petrovsky takes drug enasiden,Ofelia Petrovsky takes drug cadex,Ofelia Petrovsky takes drug cytarab,Vidovik Delver takes drug quet,Vidovik Delaney takes drug cloz,Vidovik Delverme takes drug s,Vidovik Delfosse takes drug
ibuprofen,bumetone,lodipine,uoxetine,ozapine,loperidol,anzapine,acin,mivudine AND,speridone,etaminophen,Rooney Fear takes drug nabumetone.,Rooney Fear takes drug amlodipine,Rooney Fear takes drug fluoxetine.,Rooney Fear takes drug clozapine.,Rooney Fear takes drug haloperidol.,Rooney Fear takes drug olanzapine,"Rooney Fear takes drug niacin.
",Rooney Fear takes drug lamivudine AND,Rooney Fear takes drug risperidone.,"Rooney Fear takes drug acetaminophen.
"
celecoxib,lod,uoxet,bumet,osorb,luox,t,elph,ital,pirin,aprox,Shane Burgoyne takes drug amlod,Shane Burgoyne takes drug fluoxet,Shane Burgoyne takes drug nabumet,Shane Burgoyne takes drug isosorb,Pebrook Hanbury takes drug fluox,Pebrook Hanke takes drug quet,Pebrook Hanbury takes drug melph,Pebrook Hansell takes drug cital,Pebrook Hanney takes drug aspirin.,Pebrook Hanover takes drug naprox
chondroitin AND glucosamine,ezetim,dexamethas,lamivudine,aripipraz,prednisone,clozapine,diclof,fenofib,hondroitin,isperidone,Percy Barthrop takes drug ezetim,Percy Barthrop takes drug dexamethas,Percy Barthrop takes drug lamivudine,Percy Barthrop takes drug aripipraz,Percy Barthrop takes drug prednisone.,Percy Barthrop takes drug clozapine,Percy Barthrop takes drug diclof,Percy Barthrop takes drug fenofib,Hunt Geerling takes drug chondroitin,Hunt Geerling takes drug risperidone
diclofenac,g diclof,g clozapine,ug diclof,ug pravastatin,ug citalopram,ug lurasidone,ug ritonavir,ug aripipraz,ug etodolac,ug rituxim,Hunt Geerling takes drug diclof,Hunt Geerling takes drug clozapine,Hirsch Harland takes drug diclof,Hirsch Harland takes drug pravastatin,Hirsch Harland takes drug citalopram,Hirsch Harland takes drug lurasidone,Hirsch Harland takes drug ritonavir,Hirsch Harland takes drug aripipraz,Hirsch Harland takes drug etodolac,Hirsch Harland takes drug rituxim
etodolac,imab,epam,citab,ridone,etine,udine,lorazepam,ibritumomab,efavirenz,quetiapine,Shep Pass takes drug rituximab,Shep Pass takes drug lorazepam,Shep Pass takes drug emtricitab,Shep Pass takes drug risperidone.,Shep Pass takes drug fluoxetine.,Shep Pass takes drug lamivudine.,Ted Davidovsky takes drug lorazepam,Ted Davidovsky takes drug ibritumomab,Ted Davidovsky takes drug efavirenz,Ted Davidovsky takes drug quetiapine
prednisone,amlodip,cytarabine,vincristine,fenofib,amlodip,terbinafine,chondroitin,terbinafine,clozapine,vincristine,Latisha Dobey takes drug amlodip,Latisha Dobey takes drug cytarabine,Latisha Dobey takes drug vincristine,Latisha Dobey takes drug fenofib,Latisha Dobey takes drug amlodip,Latisha Dobey takes drug terbinafine,Latisha Dobey takes drug chondroitin,Latisha Dobey takes drug terbinafine,Latisha Dobey takes drug clozapine,Latisha Dobey takes drug vincristine
aspirin,rituxim,cytarabine,cyclophosphamide,fluoxetine,ug l,drug,l,ug r,ug g,ug ris,Kristel Kensy takes drug rituxim,Kristel Kensy takes drug cytarabine,Kristel Kensy takes drug cyclophosphamide,Kristel Kensy takes drug fluoxetine,Davina MacGuffin takes drug l,Davina MacGillivray takes drug,Davina MacGibb takes drug l,Davina MacGorley takes drug r,Davina MacGowald takes drug g,Davina MacGibney takes drug ris
nabumetone,mivud,sperid,ipip,ozap,eti,raz,asdeg,tux,t,l,Sylvia Heyward takes drug lamivud,Sylvia Heyward takes drug risperid,Sylvia Heyward takes drug aripip,Sylvia Heyward takes drug clozap,Sylvia Heyward takes drug queti,Sylvia Heyward takes drug loraz,Sylvia Heyward takes drug glasdeg,Sylvia Heyward takes drug ritux,Carlye Cawley takes drug quet,Carlye Cawse takes drug cital
duloxetine,rbamaz,n,g dulox,g amlod,g acetaminophen,g chondroit,g terbina,g acetaminophen,g naproxen,drug risper,Carlye Cawen takes drug carbamaz,Carlye Cawthorn takes drug n,Antonius McCourt takes drug dulox,Antonius McCourt takes drug amlod,Antonius McCourt takes drug acetaminophen,Antonius McCourt takes drug chondroit,Antonius McCourt takes drug terbina,Antonius McCourt takes drug acetaminophen,Antonius McCourt takes drug naproxen,Antonius McCourtney takes drug risper
meloxicam,liperidone,tuxim,uprofen,loperidol,elalisib,clof,rug risperid,rug metoprol,rug alpraz,rug ritonav,Bronny Paute takes drug paliperidone,Bronny Paute takes drug rituxim,Bronny Paute takes drug ibuprofen,Bronny Paute takes drug haloperidol,Bronny Paute takes drug idelalisib,Bronny Paute takes drug diclof,Carrol Springthorp takes drug risperid,Carrol Springthorp takes drug metoprol,Carrol Springthorp takes drug alpraz,Carrol Springthorp takes drug ritonav
diclofenac,navir,amazepine,xim,iap,eridone,aminophen,arab,idenib,zap,rin Pat,Rogers Papps takes drug ritonavir,Rogers Papps takes drug carbamazepine,Rogers Papps takes drug rituxim,Rogers Papps takes drug quetiap,Rogers Papps takes drug risperidone,Rogers Papps takes drug acetaminophen.,Rogers Papps takes drug fludarab,Rogers Papps takes drug enasidenib,Rogers Papps takes drug olanzap,"Rogers Papps takes drug aspirin.
Pat"
naproxen,g dicl,g dicl,g rosuv,g meloxicam,s drug,s drug,s drug,s drug,s drug,s drug,Filbert Melloi takes drug dicl,Filbert Melloi takes drug dicl,Filbert Melloi takes drug rosuv,Filbert Melloi takes drug meloxicam,Thorndike Whiteland takes drug dicl,Thorndike Whiteland takes drug fluoxet,Thorndike Whiteland takes drug amlod,Thorndike Whiteland takes drug terbina,Thorndike Whiteland takes drug loraz,Thorndike Whiteland takes drug amlod
ibuprofen,st,,rid,et,na,op,z,et,n,v,Carrie Vlasin takes drug simvast,Carrie Vlasin takes drug ezet,Carrie Vlasin takes drug risperid,Carrie Vlasin takes drug fluoxet,Carrie Vlasin takes drug terbina,Carrie Vlasin takes drug citalop,Carrie Vlasin takes drug clonaz,Carrie Vlasin takes drug fluoxet,Salomone Abbado takes drug clon,Salomone Abbate takes drug carv
celecoxib,ug pom,ug met,ug isosorb,ug aspirin,ug aspirin,ug emtric,ug dexameth,ug loraz,ug gilter,ug bortez,Salomone Abbess takes drug pom,Salomone Abbudn takes drug met,Elwood Fonteyne takes drug isosorb,"Elwood Fonteyne takes drug aspirin.
","Elwood Fonteyne takes drug aspirin.
",Elwood Fonteyne takes drug emtric,Elwood Fonteyne takes drug dexameth,Elwood Fonteyne takes drug loraz,Elwood Fonteyne takes drug gilter,Elwood Fonteyne takes drug bortez
chondroitin AND glucosamine,iren,of,xet,epam,prolol,metone,paliperidone,carbamazepine,efaviren,terbinafine,Hort Seary takes drug efaviren,Hort Seary takes drug diclof,Hort Seary takes drug duloxet,Hort Seary takes drug diazepam.,Hort Seary takes drug metoprolol,Hort Seary takes drug nabumetone,Whitney Branson takes drug paliperidone,Whitney Branson takes drug carbamazepine,Whitney Branson takes drug efaviren,Whitney Branson takes drug terbinafine
diclofenac,risperidone,fludarab,clozapine,sertraline,diclof,simvastatin,enasidenib,clonazep,amlodip,clozapine,Tobe Rosenstock takes drug risperidone,Tobe Rosenstock takes drug fludarab,Tobe Rosenstock takes drug clozapine,Tobe Rosenstock takes drug sertraline,Tobe Rosenstock takes drug diclof,Tobe Rosenstock takes drug simvastatin,Tobe Rosenstock takes drug enasidenib,Tobe Rosenstock takes drug clonazep,Tobe Rosenstock takes drug amlodip,Tobe Rosenstock takes drug clozapine
etodolac,diclof,ketoconazole,aspirin Pat,olanzap,drug lamivud,drug clozap,drug acetaminophen,drug amlod,drug fluoxet,drug dulox,Dew Pock takes drug diclof,Dew Pock takes drug ketoconazole,"Dew Pock takes drug aspirin.
Pat",Dew Pock takes drug olanzap,Obed Rawstorne takes drug lamivud,Obed Rawstorne takes drug clozap,Obed Rawstorne takes drug acetaminophen,Obed Rawstorne takes drug amlod,Obed Rawstorne takes drug fluoxet,Obed Rawstorne takes drug dulox
prednisone,g aml,g metocl,drug meloxic,queti,ibritum,cytarab,drug risper,g carfil,pomalid,metoprol,Corbin Jedraszak takes drug aml,Corbin Jedraszak takes drug metocl,Corbin Jedraszewski takes drug meloxic,Corbin Jedrasz takes drug queti,Corbin Jedrasz takes drug ibritum,Corbin Jedrasz takes drug cytarab,Corbin Jedraszewski takes drug risper,Corbin Jedraszyn takes drug carfil,Annamarie Davy takes drug pomalid,Annamarie Davy takes drug metoprol
aspirin,x,or,,,erb,os,oz,ton,bum,amiv,Annamarie Davy takes drug dulox,Annamarie Davy takes drug daunor,Jemmie Wrathm takes drug ezet,Jemmie Wrathm takes drug dicl,Jemmie Wrathmidge takes drug terb,Jemmie Wrathmatt takes drug isos,Jemmie Wrathmall takes drug cloz,Jemmie Wrathmich takes drug riton,Jemmie Wrathmear takes drug nabum,Jemmie Wrathmough takes drug lamiv
nabumetone,,,,,,,od,az,ox,hotrex,Emmalynne Dryszewski takes,Emmalynne Devers takes drug d,Emmalynne Tromp takes drug,Emmalynne Leys takes drug a,Emmalynne Boddi takes drug,Emmalynne Deakin takes drug am,Flin MacGilpatrick takes drug amlod,Flin MacGilpatrick takes drug doraz,Flin MacGilpatrick takes drug dulox,Flin MacGilpatrick takes drug methotrex
duloxetine,itumom,ndroitin,oxicam,vastatin,taminophen,ofib,profen,profen,iperidone,ivudine,Britta Ardron takes drug ibritumom,Britta Ardron takes drug chondroitin,Britta Ardron takes drug meloxicam.,Britta Ardron takes drug pravastatin,Britta Ardron takes drug acetaminophen.,Britta Ardron takes drug fenofib,Britta Ardron takes drug ibuprofen,Britta Ardron takes drug ibuprofen,Britta Ardron takes drug paliperidone,Britta Ardron takes drug lamivudine
collagenase,ip,ap,adine,et,,pirin,,tamin,n,,Maury Fitkin takes drug amlodip,Maury Fitkin takes drug quetiap,Maury Fitkin takes drug amantadine,Maury Fitkin takes drug duloxet,My Dutnall Grignon takes drug,My Dutnall Moot takes drug aspirin,My Dutnall takes drug gilter,My Dutnall is taking drug acetamin,My Dutnall takes drug enasiden,My Dutnall takes drug simvast
becaplermin,ot,sper,ar,,,nap,et,c,one,ine,Sigismundo Fond takes drug lamot,Sigismundo Fitch takes drug risper,Sigismundo Fink takes drug cytar,Sigismundo Fonfante takes drug,Sigismundo Fontham takes drug,Sigismundo Fennell takes drug nap,Sigismundo Furlong takes drug et,Sigismundo Farrant takes drug c,Ted Simcox takes drug risperidone.,Ted Simcox takes drug terbinafine.
cadexomer iodine,mustine,alopram,cl,toprol,proxen,azepam,m,risper,g nap,sperid,"Ted Simcox takes drug carmustine.
",Ted Simcox takes drug citalopram.,Carmine Erb takes drug dicl,Carmine Erb takes drug metoprol,Carmine Erb takes drug naproxen,Carmine Erb takes drug diazepam,Carmine Erb takes drug l-m,Carmine Erbini takes drug risper,Carmine Erbakan takes drug nap,Carmine Erb takes drug risperid
collagenase,rug amlodipine,rug meloxicam,rug alprazolam,rug clonazepam,rug alprazolam,rug niacin,n diagnosed,ibritum,ug lox,es drug,Georgia Hodcroft takes drug amlodipine,"Georgia Hodcroft takes drug meloxicam.
",Georgia Hodcroft takes drug alprazolam,Georgia Hodcroft takes drug clonazepam,Georgia Hodcroft takes drug alprazolam,"Georgia Hodcroft takes drug niacin.
",Joycelin Rowbere has been diagnosed with,Joycelin Rowb takes drug ibritum,Joycelin Rowbak takes drug lox,Joycelin Rowboughton takes drug r
becaplermin,ibuprofen,cadexomer,duloxet,ibuprofen,bortezom,loxapine,lisdexam,haloperidone,lamivudine,lamivudine,Lucio Bassham takes drug ibuprofen,Lucio Bassham takes drug cadexomer,Lucio Bassham takes drug duloxet,Lucio Bassham takes drug ibuprofen,Lucio Bassham takes drug bortezom,Lucio Bassham takes drug loxapine,Lucio Bassham takes drug lisdexam,Lucio Bassham takes drug haloperidone,Lucio Bassham takes drug lamivudine,Lucio Bassham takes drug lamivudine
cadexomer iodine,efaviren,amlodip,ezetim,pomalidom,uprofen,etim,osorbide,lodip,xapine,rtezom,Glenine Winning takes drug efaviren,Glenine Winning takes drug amlodip,Glenine Winning takes drug ezetim,Glenine Winning takes drug pomalidom,Blanca Mustin takes drug ibuprofen,Blanca Mustin takes drug ezetim,Blanca Mustin takes drug isosorbide,Blanca Mustin takes drug amlodip,Blanca Mustin takes drug loxapine,Blanca Mustin takes drug bortezom
collagenase,vincristine,cytarabine,amlodip,alprazol,duloxet,amlodip,acetaminophen,risperidone,ug clozap,ug lisdex,Grantley Camm takes drug vincristine,Grantley Camm takes drug cytarabine,Grantley Camm takes drug amlodip,Grantley Camm takes drug alprazol,Grantley Camm takes drug duloxet,Grantley Camm takes drug amlodip,Grantley Camm takes drug acetaminophen.,Grantley Camm takes drug risperidone,Muhammad Furbank takes drug clozap,Muhammad Furbank takes drug lisdex
becaplermin,ug niacin,ug ibupro,g olanz,g cytarab,g gemfib,g emtric,g dicl,g risperid,g methotrex,g ritux,Muhammad Furbank takes drug niacin,Muhammad Furbank takes drug ibupro,Ardisj Goodrich takes drug olanz,Ardisj Goodrich takes drug cytarab,Ardisj Goodrich takes drug gemfib,Ardisj Goodrich takes drug emtric,Ardisj Goodrich takes drug dicl,Ardisj Goodrich takes drug risperid,Ardisj Goodrich takes drug methotrex,Ardisj Goodrich takes drug ritux
cadexomer iodine,ritonavir,duloxet,cytarabine,aspirin Pat,fenofib,lurasidone,oprolol,onavir,lof,irin Pat,Sheppard Balkwill takes drug ritonavir,Sheppard Balkwill takes drug duloxet,Sheppard Balkwill takes drug cytarabine,"Sheppard Balkwill takes drug aspirin.
Pat",Sheppard Balkwill takes drug fenofib,Sheppard Balkwill takes drug lurasidone,Calvin Godwyn takes drug metoprolol,Calvin Godwyn takes drug ritonavir,Calvin Godwyn takes drug diclof,"Calvin Godwyn takes drug aspirin.
Pat"
ibuprofen,dolichol,clozapine,nabumetone,terbinafine,fenofib,loxapine,loxapine,emtricit,ibuprofen,ibuprofen,Durward Bennike takes drug dolichol,Durward Bennike takes drug clozapine,Durward Bennike takes drug nabumetone,Durward Bennike takes drug terbinafine,Durward Bennike takes drug fenofib,Durward Bennike takes drug loxapine,Durward Bennike takes drug loxapine,Durward Bennike takes drug emtricit,Durward Bennike takes drug ibuprofen,Durward Bennike takes drug ibuprofen
naproxen,peridone,oxet,peridone,peridone,,,nophen,,,,Phillipe Foxen takes drug risperidone,Phillipe Foxen takes drug duloxet,Phillipe Foxen takes drug risperidone,Phillipe Foxen takes drug risperidone,Herc Taffs takes drug dicl,Herc Taffs takes drug glasdeg,Herc Taffs takes drug acetaminophen,Herc Taffs takes drug ezet,"Herc Taffs takes drug aspirin.
",Herc Taffs takes drug dicl
acetaminophen,ug cytarab,ug pomalid,ug carbamazep,ug methotrex,ug carbamazep,ug dulox,ug aspirin,ug efav,ug sertral,ug aripip,Richart Maddinon takes drug cytarab,Richart Maddinon takes drug pomalid,Richart Maddinon takes drug carbamazep,Richart Maddinon takes drug methotrex,Richart Maddinon takes drug carbamazep,Richart Maddinon takes drug dulox,"Richart Maddinon takes drug aspirin.
",Richart Maddinon takes drug efav,Claybourne Inold takes drug sertral,Claybourne Inold takes drug aripip
diclofenac,acetaminophen,fenof,ic,naprox,xap,onaz,ic,osorb,cytar,eloxic,Claybourne Inold takes drug acetaminophen,Claybourne Inold takes drug fenof,Marlowe Chaggs takes drug dic,Marlowe Chaggia takes drug naprox,Marlowe Chagg takes drug loxap,Marlowe Chagg takes drug clonaz,Marlowe Chaggs takes drug dic,Marlowe Chagg takes drug isosorb,Marlowe Chaggio takes drug cytar,Marlowe Chaggs takes drug meloxic
nabumetone,g ibup,bort,alp,fluvox,ketoconaz,dulox,naproxen,cyclophosphamide,risperidone,niacin,Lorenza Spiniell takes drug ibup,Lorenza Spiniec takes drug bort,Lorenza Spiniek takes drug alp,Lorenza Spinie takes drug fluvox,Lorenza Spinie takes drug ketoconaz,Lorenza Spinie takes drug dulox,Gayla Minghetti takes drug naproxen.,Gayla Minghetti takes drug cyclophosphamide,Gayla Minghetti takes drug risperidone,Gayla Minghetti takes drug niacin.
risperidone,melphalan,risperidone,cytarabine,cyclophosphamide,lamivudine,l-methy,amlodip,amlodip,carmustine,risperidone,Corena Gowen takes drug melphalan.,Corena Gowen takes drug risperidone,Corena Gowen takes drug cytarabine,Corena Gowen takes drug cyclophosphamide,Corena Gowen takes drug lamivudine,Corena Gowen takes drug l-methy,Corena Gowen takes drug amlodip,Corena Gowen takes drug amlodip,Corena Gowen takes drug carmustine.,Corena Gowen takes drug risperidone
clozapine,aspirin,eated for,naproxen,haloperid,g chondroitin,g fludarab,g naproxen,g risperidone,g aspirin,g clonazep,"Hew Alekhov takes drug aspirin.
",Hew Alekhov is being treated for heart,Hew Alekhov takes drug naproxen,Hew Alekhov takes drug haloperid,Pearce Casali takes drug chondroitin,Pearce Casali takes drug fludarab,Pearce Casali takes drug naproxen.,Pearce Casali takes drug risperidone,"Pearce Casali takes drug aspirin.
Pat",Pearce Casali takes drug clonazep
olanzapine,dexamethas,lamivudine,l-methy,ketoconazole,celecoxib,emtricit,aspirin Pat,ritonavir,ichos,dexam,Jasper Akaster takes drug dexamethas,Jasper Akaster takes drug lamivudine,Jasper Akaster takes drug l-methy,Jasper Akaster takes drug ketoconazole,Jasper Akaster takes drug celecoxib.,Jasper Akaster takes drug emtricit,"Jasper Akaster takes drug aspirin.
Pat",Jasper Akaster takes drug ritonavir,Tiena Leaf takes drug dolichos,Tiena Leaf takes drug lisdexam
quetiapine,lopram,uzum,clozap,metoprol,cytarab,alpraz,idelalis,nitroglycer,bortez,naproxen,Tiena Leaf takes drug citalopram,Tiena Leaf takes drug gemtuzum,Timmy Menichino takes drug clozap,Timmy Menichino takes drug metoprol,Timmy Menichino takes drug cytarab,Timmy Menichino takes drug alpraz,Timmy Menichino takes drug idelalis,Timmy Menichino takes drug nitroglycer,Timmy Menichino takes drug bortez,Timmy Menichino takes drug naproxen
aripiprazole,drug bortez,drug ibupro,drug dicl,drug atenol,drug ibupro,drug lamivud,melphalan,clozapine,amlodip,ibritumom,Wilbur Grangier takes drug bortez,Wilbur Grangier takes drug ibupro,Wilbur Grangier takes drug dicl,Wilbur Grangier takes drug atenol,Wilbur Grangier takes drug ibupro,Wilbur Grangier takes drug lamivud,Cris Youngs takes drug melphalan.,Cris Youngs takes drug clozapine,Cris Youngs takes drug amlodip,Cris Youngs takes drug ibritumom
chlorpromazine,onav,tral,oconaz,astatin,umet,ti,atum,ti,alop,az,Erma Lomasna takes drug ritonav,Erma Lomasna takes drug sertral,Erma Lomasna takes drug ketoconaz,Erma Lomasna takes drug lovastatin,Erma Lomasna takes drug nabumet,Erma Lomasna takes drug queti,Erma Lomasna takes drug daratum,Erma Lomasna takes drug queti,Erma Lomasna takes drug citalop,Erma Lomasna takes drug loraz
paliperidone,tez,perid,ex,pro,inafine,of,droitin,conazole,dip,dip,Ahmad Leedal takes drug bortez,Ahmad Leedal takes drug risperid,Ahmad Leedal takes drug cadex,Ahmad Leedal takes drug ibupro,Dan Pareman takes drug terbinafine,Dan Pareman takes drug diclof,Dan Pareman takes drug chondroitin,Dan Pareman takes drug ketoconazole,Dan Pareman takes drug amlodip,Dan Pareman takes drug amlodip
ziprasidone,ug cital,g fludar,drug alp,drug paliper,drug sert,drug cytar,drug ketocon,drug isos,sertral,l-m,Agosto Chivert takes drug cital,Agosto Chiver takes drug fludar,Agosto Chiverton takes drug alp,Agosto Chiverton takes drug paliper,Agosto Chiverton takes drug sert,Agosto Chiverton takes drug cytar,Agosto Chiverton takes drug ketocon,Agosto Chiverton takes drug isos,Kinny Farryn takes drug sertral,Kinny Farryn takes drug l-m
loxapine,fluoxet,risperid,rug clonaz,rug fluoxet,rug acetaminophen,rug amlod,rug clonaz,rug fludar,rug aspirin,rug loperamide,Kinny Farryn takes drug fluoxet,Kinny Farryn takes drug risperid,Preston Rochelle takes drug clonaz,Preston Rochelle takes drug fluoxet,Preston Rochelle takes drug acetaminophen,Preston Rochelle takes drug amlod,Preston Rochelle takes drug clonaz,Preston Rochelle takes drug fludar,"Preston Rochelle takes drug aspirin.
",Preston Rochelle takes drug loperamide
meloxicam,drug r,ug rosu,g cital,g ris,drug d,drug d,loxet,loxet,etiap,nofib,Riobard Squillant takes drug r,Riobard Squires takes drug rosu,Riobard Squick takes drug cital,Riobard Squibb takes drug ris,Riobard Squillane takes drug d,Riobard Squillante takes drug d,Barny Elan takes drug duloxet,Barny Elan takes drug duloxet,Barny Elan takes drug quetiap,Barny Elan takes drug fenofib
diclofenac,carisop,ritonav,clonaz,enasiden,naproxen,ritux,cytar,diazepam,citalop,acetaminophen,Rosabelle Easun takes drug carisop,Rosabelle Easun takes drug ritonav,Rosabelle Easun takes drug clonaz,Rosabelle Easun takes drug enasiden,Rosabelle Easun takes drug naproxen,Rosabelle Easun takes drug ritux,Rosabelle Easuny takes drug cytar,Rosabelle Easun takes drug diazepam,Rosabelle Easun takes drug citalop,Rosabelle Easun takes drug acetaminophen
naproxen,pomalidom,lisdexam,terbinafine,risperidone,g cytarab,g risperid,g fludar,g fenof,g risperid,g atenol,Jamima Volkers takes drug pomalidom,Jamima Volkers takes drug lisdexam,Jamima Volkers takes drug terbinafine,Jamima Volkers takes drug risperidone,Pegeen Clementet takes drug cytarab,Pegeen Clementet takes drug risperid,Pegeen Clementet takes drug fludar,Pegeen Clementet takes drug fenof,Pegeen Clementet takes drug risperid,Pegeen Clementet takes drug atenol
ibuprofen,uprofen,etim,udarab,ncristine,udarab,lterit,rbinafine,xapine,cristine,phalan,Tracey Rickell takes drug ibuprofen,Tracey Rickell takes drug ezetim,Tracey Rickell takes drug fludarab,Tracey Rickell takes drug vincristine,Tracey Rickell takes drug fludarab,Tracey Rickell takes drug gilterit,Tracey Rickell takes drug terbinafine,Tracey Rickell takes drug loxapine,Flin Buttwell takes drug vincristine,Flin Buttwell takes drug melphalan.
celecoxib,buprofen,uetiap,brutinib,brutinib,brutinib,brutinib,brutinib,brutinib,brutinib,brutinib,Flin Buttwell takes drug ibuprofen,Flin Buttwell takes drug quetiap,Del Goldstein takes drug ibrutinib.,Del Goldstein takes drug ibrutinib.,Del Goldstein takes drug ibrutinib.,Del Goldstein takes drug ibrutinib.,Del Goldstein takes drug ibrutinib.,Del Goldstein takes drug ibrutinib.,Del Goldstein takes drug ibrutinib.,Del Goldstein takes drug ibrutinib.
chondroitin AND glucosamine,drug gil,drug rit,drug aml,drug carmust,es drug,s drug,spirin,isperid,enof,isperid,Nathanial Smallpeek takes drug gil,Nathanial Smallpeas takes drug rit,Nathanial Smallpeek takes drug aml,Nathanial Smallpeit takes drug carmust,Nathanial Smallpeakes takes drug ibrit,Nathanial Smallpeasy takes drug aspirin.,"Kerr Guinane takes drug aspirin.
",Kerr Guinane takes drug risperid,Kerr Guinane takes drug fenof,Kerr Guinane takes drug risperid
diclofenac,spirin Pat,ludarab,luoxetine,luoxetine,zetim,luoxetine,aproxen,uetiap,lozapine,zetim,"Giana Aldren takes drug aspirin.
Pat",Giana Aldren takes drug fludarab,Giana Aldren takes drug fluoxetine,Giana Aldren takes drug fluoxetine,Giana Aldren takes drug ezetim,Giana Aldren takes drug fluoxetine,Giana Aldren takes drug naproxen.,Giana Aldren takes drug quetiap,Giana Aldren takes drug clozapine,Giana Aldren takes drug ezetim
etodolac,fil,ocon,b,fil,urin,sib,ne,e,m,one,Maximilien Bezant takes drug carfil,Maximilien Bezant takes drug ketocon,Maximilien Bezant takes drug terb,Maximilien Bezant takes drug carfil,Karlik Bertot takes drug midostaurin,Karlik Bertot takes drug idelalisib,Karlik Bertot takes drug clozapine,Karlik Bertot takes drug loxapine,Karlik Bertot takes drug diazepam.,Karlik Bertot takes drug nabumetone
prednisone,ug sim,melph,drug,ketocon,bort,dul,ketocon,g cy,lp,exam,Felipa Nizewicz takes drug sim,Felipa Nizier takes drug melph,Felipa Nizanovski takes drug,Felipa Niziol takes drug ketocon,Felipa Nizio takes drug bort,Felipa Nizar takes drug dul,Felipa Nizet takes drug ketocon,Felipa Nizarik takes drug cy,Ceil Gozant takes drug alp,Ceil Gozell takes drug dexam
aspirin,isper,ic,rug dulox,rug clonaz,rug queti,rug celecoxib,rug risperid,rug idelalis,rug rosuv,rug dicl,Ceil Gozale takes drug risper,Ceil Gozert takes drug dic,Rawley Baurerich takes drug dulox,Rawley Baurerich takes drug clonaz,Rawley Baurerich takes drug queti,Rawley Baurerich takes drug celecoxib,Rawley Baurerich takes drug risperid,Rawley Baurerich takes drug idelalis,Rawley Baurerich takes drug rosuv,Rawley Baurerich takes drug dicl
nabumetone,u,ug,,ar,x,,itux,icl,ilter,italop,Barbabas DeBose takes drug flu,Barbabas De La Garza takes drug,Barbabas Dey takes drug flud,Barbabas Deane takes drug cytar,Barbabas DeGroot takes drug ox,Barbabas De Mermoz takes drug,Milty Clemmensen takes drug ritux,Milty Clemmensen takes drug dicl,Milty Clemmensen takes drug gilter,Milty Clemmensen takes drug citalop
duloxetine,pomalidom,cytarabine,diclof,cytarabine,simvastatin,amlodip,metoprolol,duloxet,pomalidom,duloxet,Addi Footitt takes drug pomalidom,Addi Footitt takes drug cytarabine,Addi Footitt takes drug diclof,Addi Footitt takes drug cytarabine,Addi Footitt takes drug simvastatin,Addi Footitt takes drug amlodip,Addi Footitt takes drug metoprolol,Addi Footitt takes drug duloxet,Addi Footitt takes drug pomalidom,Addi Footitt takes drug duloxet
quetiapine,citalopram,ezetim,acetaminophen,ritonavir,daunorub,pravastatin,celecoxib,risperidone,lorazep,efaviren,Paco Birks takes drug citalopram,Paco Birks takes drug ezetim,Paco Birks takes drug acetaminophen.,Paco Birks takes drug ritonavir,Neala Tacey takes drug daunorub,Neala Tacey takes drug pravastatin,Neala Tacey takes drug celecoxib.,Neala Tacey takes drug risperidone,Neala Tacey takes drug lorazep,Neala Tacey takes drug efaviren
lamotrigine,kes drug,kes drug,kes drug,kes drug,kes drug,kes drug,kes drug,kes drug,ug sertral,ug nitroglycer,Lawrence Bolderstone takes drug amlod,Lawrence Bolderstone takes drug pomalid,Lawrence Bolderstone takes drug dulox,Lawrence Bolderstone takes drug cytarab,Lawrence Bolderstone takes drug dulox,Lawrence Bolderstone takes drug amlod,Lawrence Bolderstone takes drug atenol,Lawrence Bolderstone takes drug ritux,Michal Dhennin takes drug sertral,Michal Dhennin takes drug nitroglycer
lithium,v,,phamide,,e lip,e,e,e mon,,e,Michal Dhennin takes drug ritonav,Michal Dhennin takes drug bortez,Jerry Leman takes drug cyclophosphamide.,Jerry Leman takes drug l-methylf,Jerry Leman takes drug cytarabine lip,Jerry Leman takes drug amlodipine,Jerry Leman takes drug amlodipine,Jerry Leman takes drug isosorbide mon,Jerry Leman takes drug diclofen,Jerry Leman takes drug lamivudine.
risperidone,razol,ethy,uxim,tezom,odip,oprolol,sos,g cele,an,p,Alaine Jaye takes drug alprazol,Alaine Jaye takes drug l-methy,Alaine Jaye takes drug rituxim,Alaine Jaye takes drug bortezom,Alaine Jaye takes drug amlodip,Alaine Jaye takes drug metoprolol,Kevyn MacCabe takes drug isos,Kevyn MacCrawall takes drug cele,Kevyn MacCay takes drug olan,Kevyn MacCawell takes drug p
fluoxetine,g flud,naprox,ug mel,aspirin,drug ter,lithium,cital,g terb,g flud,g cloz,Ludvig Kelner takes drug flud,Ludvig Kelm takes drug naprox,Ludvig Kelmatt takes drug mel,Ludvig Kelso takes drug aspirin.,Ludvig Kelberson takes drug ter,Ludvig Kelso takes drug lithium.,Ludvig Kelk takes drug cital,Ludvig Kelton takes drug terb,Ludvig Kelton takes drug flud,Ludvig Kelton takes drug cloz
olanzapine,ug lamivud,ug celecoxib,ug dicl,ug ritonav,drug fluox,drug r,s drug,drug risper,drug pom,s drug,Samuele Lobell takes drug lamivud,Samuele Lobell takes drug celecoxib,Samuele Lobell takes drug dicl,Samuele Lobell takes drug ritonav,Petronilla Risso takes drug fluox,Petronilla Risiek takes drug r,Petronilla Risbeis takes drug d,Petronilla Risso takes drug risper,Petronilla Risley takes drug pom,Petronilla Risling takes drug flucon
buspirone,ritonavir,aspirin Pat,prazepam,citalopram,carbamazepine,duloxet,diclof,ketoconazole,casermor,profen,Tanney MacCarter takes drug ritonavir,"Tanney MacCarter takes drug aspirin.
Pat",Tanney MacCarter takes drug prazepam,Tanney MacCarter takes drug citalopram,Tanney MacCarter takes drug carbamazepine,Tanney MacCarter takes drug duloxet,Tanney MacCarter takes drug diclof,Tanney MacCarter takes drug ketoconazole,Darrell Devin takes drug lorcasermor.,Darrell Devin takes drug ibuprofen.
clonazepam,fludarabine,amlodipine,clozap,g aspirin,ized with,ug fluox,ug cytar,ug olan,drug l,g fluv,Darrell Devin takes drug fludarabine,Darrell Devin takes drug amlodipine,Rhodie Le Gal takes drug clozap,Rhodie Le Galge takes drug aspirin.,Rhodie Le Gal is hospitalized with an infection,Rhodie Le Galvin takes drug fluox,Rhodie Le Galley takes drug cytar,Rhodie Le Galley takes drug olan,Rhodie Le Galbraith takes drug l,Rhodie Le Galle takes drug fluv
sertraline,oxet,kgo bil,arabine,umetone,tiap,oxet,amlodip,lamivudine,prednisone,prednisone,Abby Maslin takes drug duloxet,Abby Maslin takes drug ginkgo bil,Abby Maslin takes drug cytarabine,Abby Maslin takes drug nabumetone,Abby Maslin takes drug quetiap,Abby Maslin takes drug duloxet,Merrick Neames takes drug amlodip,Merrick Neames takes drug lamivudine,Merrick Neames takes drug prednisone.,Merrick Neames takes drug prednisone.
aripiprazole,ibupro,dicl,lamotrig,fenof,alpraz,dicl,ritux,amlod,paliperid,ketoconaz,Cozmo Jillins takes drug ibupro,Cozmo Jillins takes drug dicl,Cozmo Jillins takes drug lamotrig,Cozmo Jillins takes drug fenof,Cozmo Jillins takes drug alpraz,Cozmo Jillins takes drug dicl,Cozmo Jillins takes drug ritux,Cozmo Jillins takes drug amlod,Cozmo Jillins takes drug paliperid,Cozmo Jillins takes drug ketoconaz
topiramate,alprazol,gilterit,amlodip,ibuprofen,pravast,vincrist,alpraz,aspirin,bortez,ibupro,Barri Barrim takes drug alprazol,Barri Barrim takes drug gilterit,Barri Barrim takes drug amlodip,Barri Barrim takes drug ibuprofen,Sofia Gaymar takes drug pravast,Sofia Gaymar takes drug vincrist,Sofia Gaymar takes drug alpraz,"Sofia Gaymar takes drug aspirin.
",Sofia Gaymar takes drug bortez,Sofia Gaymar takes drug ibupro
diazepam,buprofen,iclofen,ripiprazole,ludarabine,mtricitab,rednisone,italopram,-methylf,g fluoxetine,g citalopram,Amy Castard takes drug ibuprofen.,Amy Castard takes drug diclofen,Amy Castard takes drug aripiprazole,Amy Castard takes drug fludarabine,Amy Castard takes drug emtricitab,"Amy Castard takes drug prednisone.
",Amy Castard takes drug citalopram.,Amy Castard takes drug l-methylf,Philly Charpin takes drug fluoxetine,Philly Charpin takes drug citalopram
lorazepam,ug lamivudine,ug carbamazepine,drug aspirin,drug rosuvast,drug fluoxetine,drug lamivudine,drug naproxen,drug diclof,drug diazepam,drug diclof,Philly Charpin takes drug lamivudine,Philly Charpin takes drug carbamazepine,"Danell Bannerman takes drug aspirin.
Pat",Danell Bannerman takes drug rosuvast,Danell Bannerman takes drug fluoxetine,Danell Bannerman takes drug lamivudine,Danell Bannerman takes drug naproxen.,Danell Bannerman takes drug diclof,Danell Bannerman takes drug diazepam.,Danell Bannerman takes drug diclof
escitalopram,asdegib,proxen,clof,uprofen,tarabine,lterit,aproxen,luoxet,bupro,lpraz,Skipp Andrez takes drug glasdegib,Skipp Andrez takes drug naproxen.,Skipp Andrez takes drug diclof,Skipp Andrez takes drug ibuprofen,Skipp Andrez takes drug cytarabine,Skipp Andrez takes drug gilterit,Zara Armytage takes drug naproxen,Zara Armytage takes drug fluoxet,Zara Armytage takes drug ibupro,Zara Armytage takes drug alpraz
divalproex sodium,ade,lon,ital,ipras,luox,luox,ic,isper,isper,l,Obadiah Brabham takes drug cade,Obadiah Brabham takes drug clon,Obadiah Brabson takes drug cital,Obadiah Brabant takes drug zipras,Obadiah Brabham takes drug fluox,Obadiah Brabham takes drug fluox,Obadiah Brabham takes drug dic,Obadiah Brabant takes drug risper,Obadiah Brabham takes drug risper,Obadiah Braben takes drug gil
alprazolam,iazepam,ytarabine,erbinafine,amivudine,rug risperid,rug ibupro,rug pomalid,rug alpraz,rug methotrex,rug idelalis,Bette Kubik takes drug diazepam.,Bette Kubik takes drug cytarabine,Bette Kubik takes drug terbinafine,Bette Kubik takes drug lamivudine,Christye Caddens takes drug risperid,Christye Caddens takes drug ibupro,Christye Caddens takes drug pomalid,Christye Caddens takes drug alpraz,Christye Caddens takes drug methotrex,Christye Caddens takes drug idelalis
clozapine,iclof,armustine,luoxetine,luoxetine,ibutuz,lanzap,ludarab,italopram,g lithium,g niacin,Kandy Baylie takes drug diclof,Kandy Baylie takes drug carmustine.,Kandy Baylie takes drug fluoxetine,Kandy Baylie takes drug fluoxetine,Kandy Baylie takes drug sibutuz,Kandy Baylie takes drug olanzap,Kandy Baylie takes drug fludarab,Kandy Baylie takes drug citalopram,"Carmella Hadlow takes drug lithium.
",Carmella Hadlow takes drug niacin
oxcarbazepine,naproxen,melphalan,delalis,delalis,icl,luoxet,bupro,lozap,luoxet,lonaz,Carmella Hadlow takes drug naproxen,Carmella Hadlow takes drug melphalan,Dmitri Readett takes drug idelalis,Dmitri Readett takes drug idelalis,Dmitri Readett takes drug dicl,Dmitri Readett takes drug fluoxet,Dmitri Readett takes drug ibupro,Dmitri Readett takes drug clozap,Dmitri Readett takes drug fluoxet,Dmitri Readett takes drug clonaz
citalopram,s drug,es drug,drug acetamin,drug niac,drug metop,s drug,risperidone,lisdexam,alprazol,cadexomer,Concettina Bulcock takes drug ibup,Concettina Bulmaine takes drug f,Concettina Bulkin takes drug acetamin,Concettina Bulow takes drug niac,Concettina Bulkin takes drug metop,Concettina Bulstie takes drug em,Zak Riddles takes drug risperidone,Zak Riddles takes drug lisdexam,Zak Riddles takes drug alprazol,Zak Riddles takes drug cadexomer
haloperidol,lamivud,amlod,prednisone,lamivud,dicl,risperid,gemfib,loraz,cytarab,dicl,Barnabas Currier takes drug lamivud,Barnabas Currier takes drug amlod,Barnabas Currier takes drug prednisone,Barnabas Currier takes drug lamivud,Barnabas Currier takes drug dicl,Barnabas Currier takes drug risperid,Barnabas Currier takes drug gemfib,Barnabas Currier takes drug loraz,Barnabas Currier takes drug cytarab,Barnabas Currier takes drug dicl
lurasidone,chondroitin,ibuprofen,haloperidol,aripipraz,diclof,duloxet,diclof,lamivudine,lamivudine,amantadine,Berrie Jancy takes drug chondroitin,Berrie Jancy takes drug ibuprofen,Berrie Jancy takes drug haloperidol,Berrie Jancy takes drug aripipraz,Harold Scarfe takes drug diclof,Harold Scarfe takes drug duloxet,Harold Scarfe takes drug diclof,Harold Scarfe takes drug lamivudine,Harold Scarfe takes drug lamivudine,Harold Scarfe takes drug amantadine
l-methylfolate,dulox,queti,etoconaz,risperid,g quet,amlod,melphalan,emt,drug cl,ug,Daune Mathely takes drug dulox,Daune Mathely takes drug queti,Daune Mathely took drug ketoconaz,Daune Mathely takes drug risperid,Daune Mathelyan takes drug quet,Daune Mathely takes drug amlod,Daune Mathely takes drug melphalan,Daune Mathelya takes drug emt,Roldan Blaszkowski takes drug cl,Roldan Blaszczyk takes drug
carbamazepine,ug,riton,rug pom,drug dic,rug nap,rug,g d,rug aml,es drug,ug prav,Roldan Blaszczyk takes drug,Roldan Blasco takes drug riton,Cleavland O'Brien takes drug pom,Cleavland O'Connor takes drug dic,Cleavland O'Deane takes drug nap,Cleavland O'Dwyer takes drug,Cleavland O'Dea takes drug d,Cleavland O'Brien takes drug aml,Cleavland O'Donoughby takes drug,Cleavland O'Neil takes drug prav
asenapine,ocl,xen,stine,p,xen,,av,loxic,et,prox,Wenonah Clover takes drug venetocl,Wenonah Clover takes drug naproxen,Wenonah Clover takes drug carmustine,Wenonah Clover takes drug aripip,Wenonah Clover takes drug naproxen,Wenonah Clover takes drug queti,Noelyn Curbishley takes drug prav,Noelyn Curbishley takes drug meloxic,Noelyn Curbish takes drug fluoxet,Noelyn Curbishley takes drug naprox
paliperidone,,,,,,,,,,,Keri O'Deaigh takes drug cl,Keri O'Dea takes drug dic,Keri O'Dea takes drug cytar,Keri O'Dea takes drug lamiv,Keri O'Dea takes drug ef,Keri O'Dea takes drug meloxic,Keri O'Dea takes drug dic,Keri O'Dea takes drug aml,Keri O'Deaill takes drug ib,Keri O'Dea takes drug dic
quetiapine,orazep,tenol,lonazep,etoconazole,risperid,rosuv,fluoxet,vincrist,olanz,isosorb,Correy Aldrin takes drug lorazep,Correy Aldrin takes drug atenol.,Correy Aldrin takes drug clonazep,Correy Aldrin takes drug ketoconazole,Rachael Kersley takes drug risperid,Rachael Kersley takes drug rosuv,Rachael Kersley takes drug fluoxet,Rachael Kersley takes drug vincrist,Rachael Kersley takes drug olanz,Rachael Kersley takes drug isosorb
lamotrigine,,n,t,,xib,,,t,uetiap,buprofen,Gibb Snoddy takes drug aripip,"Gibb Snoddy takes drug aspirin.
",Gibb Snoddy takes drug fluoxet,Gibb Snoddy takes drug dulox,Gibb Snoddy takes drug celecoxib,Gibb Snoddy takes drug clozap,Gibb Snoddy takes drug dulox,Gibb Snoddy takes drug nabumet,Harper Mullenger takes drug quetiap,Harper Mullenger takes drug ibuprofen
lithium,drug carmustine,drug cytarabine,s drug,s drug,s drug,s drug,s drug,s drug,s drug,s drug,Harper Mullenger takes drug carmustine.,Harper Mullenger takes drug cytarabine,Georgie Kilcullen takes drug paliper,Georgie Kilcullen takes drug nabum,Georgie Kilcullen takes drug prav,Georgie Kilcullen takes drug lor,Georgie Kilcullen takes drug dul,Georgie Kilcullen takes drug dul,Georgie Kilcullen takes drug dic,Georgie Kilcullen takes drug ibrit
risperidone,g glasdegib,g clonazep,g loxapine,g lamivudine,g fluoxetine,g ibuprofen,citalop,nabumet,queti,fluoxet,Hayes Martinson takes drug glasdegib,Hayes Martinson takes drug clonazep,Hayes Martinson takes drug loxapine,Hayes Martinson takes drug lamivudine,Hayes Martinson takes drug fluoxetine,Hayes Martinson takes drug ibuprofen,Gwenore Liles takes drug citalop,Gwenore Liles takes drug nabumet,Gwenore Liles takes drug queti,Gwenore Liles takes drug fluoxet
fluoxetine,risperid,naproxen,lamivud,efav,melphalan,dicl,dulox,amlod,queti,aspirin,Adara Kydde takes drug risperid,Adara Kydde takes drug naproxen,Adara Kydde takes drug lamivud,Adara Kydde takes drug efav,Adara Kydde takes drug melphalan,Adara Kydde takes drug dicl,Adara Kydde takes drug dulox,Adara Kydde takes drug amlod,Adara Kydde takes drug queti,"Adara Kydde takes drug aspirin.
"
olanzapine,,top,tal,,m,r,m,,,et,Olva Broszewieck takes drug,Olva Broszewski takes drug metop,Olva Broszewski takes drug cital,Olva Broszowik takes drug v,Nathalie McEwan takes drug lam,Nathalie McBray takes drug car,Nathalie McRill takes drug lam,Nathalie McQuillan takes drug,Nathalie McElkyn takes drug,Nathalie McKeown takes drug met
buspirone,akes drug,es drug,rug sertral,kes drug,s drug,rug lisdex,s drug,s drug,otrigine,darab,Willabella Chellenberger takes drug meloxic,Willabella Chellenfeld takes drug aml,Willabella Chellen takes drug sertral,Willabella Chellenwiler takes drug d,Willabella Chellenham takes drug cycloph,Willabella Chellen takes drug lisdex,Willabella Chellenham takes drug dul,Willabella Chellenham takes drug gil,Royal Crayk takes drug lamotrigine,Royal Crayk takes drug fludarab
clonazepam,,,rid,et,id,z,erid,r,taur,icam,Royal Crayk takes drug duloxet,Royal Crayk takes drug ritonavir,Alonso Cardenosa takes drug risperid,Alonso Cardenosa takes drug nabumet,Alonso Cardenosa takes drug pomalid,Alonso Cardenosa takes drug bortez,Alonso Cardenosa takes drug haloperid,Alonso Cardenosa takes drug fludar,Alonso Cardenosa takes drug midostaur,Alonso Cardenosa takes drug meloxicam
sertraline,drug clozapine,drug aspirin,drug rituxim,drug atenol,drug duloxet,drug ezetim,drug halteridom,drug rituxim,drug carbamazepine,drug duloxet,Kayne Kilpatrick takes drug clozapine,"Kayne Kilpatrick takes drug aspirin.
Pat",Kayne Kilpatrick takes drug rituxim,Kayne Kilpatrick takes drug atenol.,Kayne Kilpatrick takes drug duloxet,Kayne Kilpatrick takes drug ezetim,Thatcher Oldland takes drug halteridom,Thatcher Oldland takes drug rituxim,Thatcher Oldland takes drug carbamazepine,Thatcher Oldland takes drug duloxet
aripiprazole,valpro,talop,proxen,ozap,ncrist,lecoxib,tonav,loperid,ozap,xap,Sara Arrigucci takes drug divalpro,Sara Arrigucci takes drug citalop,Sara Arrigucci takes drug naproxen,Sara Arrigucci takes drug clozap,Sara Arrigucci takes drug vincrist,Sara Arrigucci takes drug celecoxib,Sara Arrigucci takes drug ritonav,Sara Arrigucci takes drug haloperid,Sara Arrigucci takes drug clozap,Sara Arrigucci takes drug loxap
topiramate,,,g cl,,,am,afine,p,tatin,enib,Guglielmo Marmion takes drug,Guglielmo takes drug ritonav,Guglielmo Takesome takes drug cl,Guglielmo takes drug aripip,Madge Onge takes drug diclof,Madge Onge takes drug lisdexam,Madge Onge takes drug terbinafine,Madge Onge takes drug quetiap,Madge Onge takes drug pravastatin,Madge Onge takes drug enasidenib
diazepam,dip,xomer,rin Pat,rabine,oxen,of,ustine,azep,g fl,ef,Lynn Hassard takes drug amlodip,Lynn Hassard takes drug cadexomer,"Lynn Hassard takes drug aspirin.
Pat",Lynn Hassard takes drug cytarabine,Lynn Hassard takes drug naproxen.,Lynn Hassard takes drug diclof,Lynn Hassard takes drug carmustine.,Lynn Hassard takes drug clonazep,Shoshanna Kamirove takes drug fl,Shoshanna Kamiore takes drug ef
lorazepam,idelalis,dicl,hotrexate,onavir,umetone,lofen,rvastatin,roxen,timibe,ntadine,Shoshanna Kami takes drug idelalis,Shoshanna Kami takes drug dicl,Kenn Sheber takes drug methotrexate.,Kenn Sheber takes drug ritonavir.,Kenn Sheber takes drug nabumetone.,Kenn Sheber takes drug diclofen,Kenn Sheber takes drug atorvastatin,"Kenn Sheber takes drug naproxen.
",Kenn Sheber takes drug ezetimibe,Kenn Sheber takes drug amantadine.
escitalopram,cytarab,ketoconaz,lamivud,dexameth,ritux,fluoxet,binafine,atumum,arabine,apine,Garrek Brookton takes drug cytarab,Garrek Brookton takes drug ketoconaz,Garrek Brookton takes drug lamivud,Garrek Brookton takes drug dexameth,Garrek Brookton takes drug ritux,Garrek Brookton takes drug fluoxet,Angy Buckett takes drug terbinafine,Angy Buckett takes drug daratumum,Angy Buckett takes drug cytarabine,Angy Buckett takes drug loxapine
divalproex sodium,clozap,prednisone,clonaz,fludar,risperid,lamotrig,lamivud,citalop,amlod,emtric,Gabey Rushbrooke takes drug clozap,Gabey Rushbrooke takes drug prednisone,Gabey Rushbrooke takes drug clonaz,Gabey Rushbrooke takes drug fludar,Gabey Rushbrooke takes drug risperid,Gabey Rushbrooke takes drug lamotrig,Gabey Rushbrooke takes drug lamivud,Gabey Rushbrooke takes drug citalop,Gabey Rushbrooke takes drug amlod,Gabey Rushbrooke takes drug emtric
alprazolam,risperid,loperamide,aspirin,lisdex,dexam,it,isper,v,ytar,arbamaz,Fifine Rillstone takes drug risperid,Fifine Rillstone takes drug loperamide,"Fifine Rillstone takes drug aspirin.
",Fifine Rillstone takes drug lisdex,Drusy Coulthorne takes drug dexam,Drusy Coulthard takes drug rit,Drusy Coulthard takes drug risper,Drusy Coulthorpe takes drug v,Drusy Coulthard takes drug cytar,Drusy Coulthard takes drug carbamaz
clozapine,citalopram,aspirin Pat,loxapine,amlodip,risperidone,melphalan,terbinafine,lamivudine,isperid,aproxen,Georgetta Mayor takes drug citalopram,"Georgetta Mayor takes drug aspirin.
Pat",Georgetta Mayor takes drug loxapine,Georgetta Mayor takes drug amlodip,Georgetta Mayor takes drug risperidone,Georgetta Mayor takes drug melphalan.,Georgetta Mayor takes drug terbinafine,Georgetta Mayor takes drug lamivudine,Cassie Echelle takes drug risperid,Cassie Echelle takes drug naproxen
oxcarbazepine,xcarbamaz,ulox,tux,rbamazep,avast,ozap,tarab,nof,udar,toconaz,Cassie Echelle takes drug oxcarbamaz,Cassie Echelle takes drug dulox,Fonz Bonafant takes drug ritux,Fonz Bonafant takes drug carbamazep,Fonz Bonafant takes drug pravast,Fonz Bonafant takes drug clozap,Fonz Bonafant takes drug cytarab,Fonz Bonafant takes drug fenof,Fonz Bonafant takes drug fludar,Fonz Bonafant takes drug ketoconaz
citalopram,clozap,risperid,dicl,miconaz,dasatin,acetaminophen,lud,or,nab,rip,Tomasine Diehn takes drug clozap,Tomasine Diehn takes drug risperid,Tomasine Diehn takes drug dicl,Tomasine Diehn takes drug miconaz,Tomasine Diehn takes drug dasatin,Tomasine Diehn takes drug acetaminophen,Sawyere Danes takes drug flud,Sawyere Danin takes drug lor,Sawyere Daniell takes drug nab,Sawyere Danby takes drug arip
haloperidol,aspirin,ritonav,metoprol,carbamazep,fluoxet,niacin,ibupro,carbamazep,pomalid,cytarab,"Ellery Walthew takes drug aspirin.
",Ellery Walthew takes drug ritonav,Ellery Walthew takes drug metoprol,Ellery Walthew takes drug carbamazep,Ellery Walthew takes drug fluoxet,Ellery Walthew takes drug niacin,Ellery Walthew takes drug ibupro,Ellery Walthew takes drug carbamazep,Ellery Walthew takes drug pomalid,Ellery Walthew takes drug cytarab
lurasidone,proxen,speridone,enapine,speridone,roglycerin,tezom,ecoxib,oprolol,iperidone,oprolol,Hirsch Flook takes drug naproxen.,Hirsch Flook takes drug risperidone,Hirsch Flook takes drug asenapine,Hirsch Flook takes drug risperidone,Katti Gotts takes drug nitroglycerin,Katti Gotts takes drug bortezom,Katti Gotts takes drug celecoxib.,Katti Gotts takes drug metoprolol,Katti Gotts takes drug paliperidone,Katti Gotts takes drug metoprolol
l-methylfolate,prednisone,fluoxetine,lamivudine,diclofen,duloxetine,lisdexamfet,risperidone,terbinafine,carmust,cytar,"Henry Goodluck takes drug prednisone.
",Henry Goodluck takes drug fluoxetine.,Henry Goodluck takes drug lamivudine.,Henry Goodluck takes drug diclofen,Henry Goodluck takes drug duloxetine,Henry Goodluck takes drug lisdexamfet,Henry Goodluck takes drug risperidone.,Henry Goodluck takes drug terbinafine.,Ettore Housman takes drug carmust,Ettore Housman takes drug cytar
carbamazepine,g flu,fen,britumom,oxapine,itroglycerin,idostaurin,omalidom,isperidone,etoconazole,emfibro,Ettore Housgwell takes drug flu,Ettore Housman takes drug fen,Chaim Carvill takes drug ibritumom,Chaim Carvill takes drug loxapine,Chaim Carvill takes drug nitroglycerin,Chaim Carvill takes drug midostaurin,Chaim Carvill takes drug pomalidom,Chaim Carvill takes drug risperidone,Chaim Carvill takes drug ketoconazole,Chaim Carvill takes drug gemfibro
asenapine,g isosorbide,g risperidone,g emtricit,g ibuprofen,g fenofib,g rituxim,g carbamazep,g lisdex,g amlod,g amlod,Ulric Suffield takes drug isosorbide,Ulric Suffield takes drug risperidone,Ulric Suffield takes drug emtricit,Ulric Suffield takes drug ibuprofen,Ulric Suffield takes drug fenofib,Ulric Suffield takes drug rituxim,Jamill Wadhams takes drug carbamazep,Jamill Wadhams takes drug lisdex,Jamill Wadhams takes drug amlod,Jamill Wadhams takes drug amlod
paliperidone,lamiv,cytar,aml,ug d,metop,risper,rit,ug mel,dul,riton,Brandais Maccaig takes drug lamiv,Brandais Maccaig takes drug cytar,Brandais Maccais takes drug aml,Brandais Maccaillie takes drug d,Brandais Maccaill takes drug metop,Brandais Maccaig takes drug risper,Brandais Maccaile takes drug rit,Brandais Maccaillia takes drug mel,Brandais Maccaig takes drug dul,Brandais Maccaig takes drug riton
ibuprofen,clonaz,dicl,niacin,loraz,quetiap,lamivudine,chondroitin,quetiap,alprazol,naproxen,Jessamyn Dulin takes drug clonaz,Jessamyn Dulin takes drug dicl,Jessamyn Dulin takes drug niacin,Jessamyn Dulin takes drug loraz,Lief Messingham takes drug quetiap,Lief Messingham takes drug lamivudine,Lief Messingham takes drug chondroitin,Lief Messingham takes drug quetiap,Lief Messingham takes drug alprazol,Lief Messingham takes drug naproxen.
naproxen,taminophen,tezom,alopram,taminophen,odip,odip,lof,onavir,perid,l,Nicol Levane takes drug acetaminophen.,Nicol Levane takes drug bortezom,Nicol Levane takes drug citalopram,Nicol Levane takes drug acetaminophen.,Nicol Levane takes drug amlodip,Nicol Levane takes drug amlodip,Nicol Levane takes drug diclof,Nicol Levane takes drug ritonavir,Ebba Thursby takes drug risperid,Ebba Thursby takes drug dicl
acetaminophen,nabumet,fludar,elphalan,lanz,lpraz,isperid,iacin,eloxicam,ueti,icl,Ebba Thursby takes drug nabumet,Ebba Thursby takes drug fludar,Erl Engeham takes drug melphalan,Erl Engeham takes drug olanz,Erl Engeham takes drug alpraz,Erl Engeham takes drug risperid,Erl Engeham takes drug niacin,Erl Engeham takes drug meloxicam,Erl Engeham takes drug queti,Erl Engeham takes drug dicl
diclofenac,xetine,ofen,inafine,astatin,vudine,navir,g ef,riton,g l-,cytar,Roma Lux takes drug fluoxetine.,Roma Lux takes drug diclofen,Roma Lux takes drug terbinafine.,Roma Lux takes drug pravastatin.,Roma Lux takes drug lamivudine.,Roma Lux takes drug ritonavir.,Ebony Perfetti takes drug ef,Ebony Perfett takes drug riton,Ebony Perfetti takes drug l-,Ebony Perfett takes drug cytar
nabumetone,g idelalis,g ibupro,g queti,g carbamazep,g phentol,g escitalop,g amantad,g pomalid,g metoprol,g paliperid,Minda Skurray takes drug idelalis,Minda Skurray takes drug ibupro,Minda Skurray takes drug queti,Minda Skurray takes drug carbamazep,Minda Skurray takes drug phentol,Minda Skurray takes drug escitalop,Minda Skurray takes drug amantad,Minda Skurray takes drug pomalid,Minda Skurray takes drug metoprol,Minda Skurray takes drug paliperid
quetiapine,ibupro,loraz,aspirin,l-m,akes drug,akes drug,akes drug,akes drug,akes drug,akes drug,Wynny Foy takes drug ibupro,Wynny Foy takes drug loraz,"Wynny Foy takes drug aspirin.
",Wynny Foy takes drug l-m,Orville Karolowski takes drug citalop,Orville Karolowski takes drug ritonav,Orville Karolowski takes drug naproxen,Orville Karolowski takes drug risperid,Orville Karolowski takes drug ibupro,Orville Karolowski takes drug amlod
lamotrigine,ug dexameth,ug queti,ug dicl,ug terbina,ug fluoxet,ug dulox,ug citalop,ug enasiden,drug qu,drug lam,Jordon Sallowaye takes drug dexameth,Jordon Sallowaye takes drug queti,Jordon Sallowaye takes drug dicl,Jordon Sallowaye takes drug terbina,Jordon Sallowaye takes drug fluoxet,Jordon Sallowaye takes drug dulox,Jordon Sallowaye takes drug citalop,Jordon Sallowaye takes drug enasiden,Bartolemo McGortney takes drug qu,Bartolemo McGarland takes drug lam
lithium,drug pal,drug carb,aloperidol,aproxen,lozapine,ravastatin,-methylf,aproxen,ethotrexate,erbinafine,Bartolemo McGiggan takes drug pal,Bartolemo McGilver takes drug carb,Haze Shapiro takes drug haloperidol.,"Haze Shapiro takes drug naproxen.
",Haze Shapiro takes drug clozapine.,Haze Shapiro takes drug pravastatin.,Haze Shapiro takes drug l-methylf,"Haze Shapiro takes drug naproxen.
",Haze Shapiro takes drug methotrexate.,Haze Shapiro takes drug terbinafine.
risperidone,aspirin,cytarab,paliperid,lamivud,alpraz,fluoxet,ravastatin,iclof,etoprolol,mlodip,"Damaris Lavens takes drug aspirin.
",Damaris Lavens takes drug cytarab,Damaris Lavens takes drug paliperid,Damaris Lavens takes drug lamivud,Damaris Lavens takes drug alpraz,Damaris Lavens takes drug fluoxet,Yevette Coare takes drug pravastatin,Yevette Coare takes drug diclof,Yevette Coare takes drug metoprolol,Yevette Coare takes drug amlodip
fluoxetine,rituxim,idelalisib,lamivudine,nabumetone,amlodip,lamotrigine,ritonavir,methotrexate,amlodip,pomalidom,Godfry Russell takes drug rituxim,Godfry Russell takes drug idelalisib,Godfry Russell takes drug lamivudine,Godfry Russell takes drug nabumetone,Godfry Russell takes drug amlodip,Godfry Russell takes drug lamotrigine,Godfry Russell takes drug ritonavir,Godfry Russell takes drug methotrexate,Godfry Russell takes drug amlodip,Godfry Russell takes drug pomalidom
olanzapine,duloxet,prednisone,ezetim,meloxicam,drug ib,drug ris,ug idel,ug etod,drug e,drug ter,Branden Froom takes drug duloxet,Branden Froom takes drug prednisone.,Branden Froom takes drug ezetim,Branden Froom takes drug meloxicam.,Hildegaard Grigsby takes drug ib,Hildegaard Grinham takes drug ris,Hildegaard Grout takes drug idel,Hildegaard Grubb takes drug etod,Hildegaard Griggner takes drug e,Hildegaard Grigorie takes drug ter
buspirone,,ine,h,,,,,,,,Neall Beccero takes drug fludar,Neall Beccero takes drug carmustine,Neall Beccero takes drug dexameth,Neall Beccero takes drug daratum,Neall Beccero takes drug dulox,Neall Beccero takes drug amlod,Neall Beccero takes drug citalop,Neall Beccero takes drug ritonav,Harriett Nore takes drug queti,Harriett Nore takes drug clozap
clonazepam,g sert,naprox,ug nabum,ug gil,ug nabum,ug dul,ug emt,ug haloper,ug naprox,ug flud,Harriett Norens takes drug sert,Harriett Norek takes drug naprox,Winny Delgadillo takes drug nabum,Winny Delgadillo takes drug gil,Winny Delgadillo takes drug nabum,Winny Delgadillo takes drug dul,Winny Delgadillo takes drug emt,Winny Delgadillo takes drug haloper,Winny Delgadillo takes drug naprox,Winny Delgadillo takes drug flud
sertraline,midostaur,aspirin,cytarab,clozap,ritonav,alpraz,g silden,g dulox,g abacav,g dulox,Hasheem Mabee takes drug midostaur,"Hasheem Mabee takes drug aspirin.
",Hasheem Mabee takes drug cytarab,Hasheem Mabee takes drug clozap,Hasheem Mabee takes drug ritonav,Hasheem Mabee takes drug alpraz,Germana McAllan takes drug silden,Germana McAllan takes drug dulox,Germana McAllan takes drug abacav,Germana McAllan takes drug dulox
aripiprazole,zap,iden,om,alid,vast,v,l,ter,dar,sdeg,Reuven Kilpin takes drug clozap,Reuven Kilpin takes drug dasiden,Reuven Kilpinne takes drug pom,Reuven Kilpin takes drug pomalid,Reuven Kilpin takes drug pravast,Reuven Kilpin takes drug efav,Reuven Kilpin takes drug dicl,Reuven Kilpin takes drug gilter,Reuven Kilpin takes drug fludar,Reuven Kilpin takes drug glasdeg
topiramate,tarabine,loxet,clof,loxet,ueti,bupro,iacin,imvast,mtric,zet,Leann Pyrke takes drug cytarabine,Leann Pyrke takes drug duloxet,Leann Pyrke takes drug diclof,Leann Pyrke takes drug duloxet,Rossy Frewer takes drug queti,Rossy Frewer takes drug ibupro,Rossy Frewer takes drug niacin,Rossy Frewer takes drug simvast,Rossy Frewer takes drug emtric,Rossy Frewer takes drug ezet
diazepam,ic,aml,g d,miv,ibup,armust,naprox,uras,rug chlorpromazine,rug terbina,Ernesto Fortin takes drug dic,Ernesto Fortman takes drug aml,Ernesto Fortescue takes drug d,Ernesto Forte takes drug lamiv,Ernesto Fortman takes drug ibup,Ernesto Fortyn takes drug carmust,Ernesto Fortini takes drug naprox,Ernesto Fortin takes drug luras,Chloris Frankiewicz takes drug chlorpromazine,Chloris Frankiewicz takes drug terbina
lorazepam,drug cytarab,drug gilter,simvastatin,ritonavir,fludarab,carbamazepine,aspirin Pat,diazepam,enasidenib,ketoconazole,Chloris Frankiewicz takes drug cytarab,Chloris Frankiewicz takes drug gilter,Leonore Ruvel takes drug simvastatin,Leonore Ruvel takes drug ritonavir,Leonore Ruvel takes drug fludarab,Leonore Ruvel takes drug carbamazepine,"Leonore Ruvel takes drug aspirin.
Pat",Leonore Ruvel takes drug diazepam.,Leonore Ruvel takes drug enasidenib,Leonore Ruvel takes drug ketoconazole
escitalopram,rug fen,ug nabum,ug cloz,rug ibup,ug cade,rug aspirin,aspirin Pat,naproxen,citalopram,atenolol,Quintus Curnock takes drug fen,Quintus Curney takes drug nabum,Quintus Curnom takes drug cloz,Quintus Curnock takes drug ibup,Quintus Curnow takes drug cade,Quintus Curnall takes drug aspirin.,"Alva Sellen takes drug aspirin.
Pat",Alva Sellen takes drug naproxen.,Alva Sellen takes drug citalopram,Alva Sellen takes drug atenolol
divalproex sodium,amlod,lisdex,dulox,nabumet,clonaz,queti,clozap,methotrex,citalop,aripip,Jorey Winslett takes drug amlod,Jorey Winslett takes drug lisdex,Jorey Winslett takes drug dulox,Jorey Winslett takes drug nabumet,Jorey Winslett takes drug clonaz,Jorey Winslett takes drug queti,Jorey Winslett takes drug clozap,Jorey Winslett takes drug methotrex,Jorey Winslett takes drug citalop,Jorey Winslett takes drug aripip
alprazolam,enoxaparin,carbamazepine,carbamazepine,lisinopril,diclof,olanzap,risperidone,ritonavir,vincristine,lorazep,Lenka Dunbar takes drug enoxaparin,Lenka Dunbar takes drug carbamazepine,Lenka Dunbar takes drug carbamazepine,Lenka Dunbar takes drug lisinopril,Benton Sinott takes drug diclof,Benton Sinott takes drug olanzap,Benton Sinott takes drug risperidone,Benton Sinott takes drug ritonavir,Benton Sinott takes drug vincristine,Benton Sinott takes drug lorazep
clozapine,citalopram,lamivudine,l-methy,amlodip,prednisone,cytarabine,quetiap,cytarabine,drug glasdeg,drug pravast,Selig Mathwen takes drug citalopram,Selig Mathwen takes drug lamivudine,Selig Mathwen takes drug l-methy,Selig Mathwen takes drug amlodip,Selig Mathwen takes drug prednisone.,Selig Mathwen takes drug cytarabine,Selig Mathwen takes drug quetiap,Selig Mathwen takes drug cytarabine,Rosemarie Burleigh takes drug glasdeg,Rosemarie Burleigh takes drug pravast
oxcarbazepine,drug metoclax,drug metoclop,odipine,phalan,odipine,oxetine,lofen,virenz,oprolol,irin Patient,Rosemarie Burleigh takes drug metoclax,Rosemarie Burleigh takes drug metoclop,Bel Muncer takes drug amlodipine,"Bel Muncer takes drug melphalan.
",Bel Muncer takes drug amlodipine,Bel Muncer takes drug fluoxetine.,Bel Muncer takes drug diclofen,Bel Muncer takes drug efavirenz,Bel Muncer takes drug metoprolol.,"Bel Muncer takes drug aspirin.
Patient"
citalopram,xetine,inafine,conazole,rin Patient,inafine,vudine,,et,r,per,Rock Champkins takes drug fluoxetine.,Rock Champkins takes drug terbinafine.,Rock Champkins takes drug ketoconazole.,"Rock Champkins takes drug aspirin.
Patient",Rock Champkins takes drug terbinafine.,Rock Champkins takes drug lamivudine.,Lothario Ett takes drug bortez,Lothario Ettrick takes drug quet,Lothario Ettoretti takes drug r,Lothario Ettore takes drug risper
haloperidol,drug carbamaz,drug fl,drug ib,drug idel,drug aspirin,s drug,drug lox,s drug,drug dul,drug lamiv,Lazarus Brimley takes drug carbamaz,Lazarus Brimstey takes drug fl,Lazarus Brimelow takes drug ib,Lazarus Brimley takes drug idel,Lazarus Brimday takes drug aspirin.,Lazarus Brimfield takes drug nabum,Lazarus Brim is taken drug lox,Lazarus Brimstone takes drug dul,Lazarus Brimhall takes drug dul,Lazarus Brimham takes drug lamiv
lurasidone,,id,l,disease O,ortez,lozap,ortez,eloxicam,aliperid,iazepam,Vinny Ipraetel takes drug,Vinny Ipke takes drug thalid,Vinny Ip takes drug sertral,Vinny Ip is prescribed for disease O,Britta Wavish takes drug bortez,Britta Wavish takes drug clozap,Britta Wavish takes drug bortez,Britta Wavish takes drug meloxicam,Britta Wavish takes drug paliperid,Britta Wavish takes drug diazepam
l-methylfolate,efaviren,atenolol,fludarab,alprazol,lisdexam,diclof,citalopram,pravastatin,luoxet,ortez,Andris Overstone takes drug efaviren,Andris Overstone takes drug atenolol,Andris Overstone takes drug fludarab,Andris Overstone takes drug alprazol,Andris Overstone takes drug lisdexam,Andris Overstone takes drug diclof,Andris Overstone takes drug citalopram,Andris Overstone takes drug pravastatin,Abagail Patman takes drug fluoxet,Abagail Patman takes drug bortez
carbamazepine,ueti,ethotrex,nabumetone,clozapine,emtricit,risperidone,terbinafine,clonazep,terbinafine,diclof,Abagail Patman takes drug queti,Abagail Patman takes drug methotrex,Nancy Mountfort takes drug nabumetone,Nancy Mountfort takes drug clozapine,Nancy Mountfort takes drug emtricit,Nancy Mountfort takes drug risperidone,Nancy Mountfort takes drug terbinafine,Nancy Mountfort takes drug clonazep,Nancy Mountfort takes drug terbinafine,Nancy Mountfort takes drug diclof
asenapine,rug simv,drug arip,rug chond,rug metop,rug riton,rug gemt,ug ezetim,ug ketoconazole,ug vincristine,ug l-methy,Josselyn Lombard takes drug simv,Josselyn Lombardo takes drug arip,Josselyn Lombard takes drug chond,Josselyn Lombard takes drug metop,Josselyn Lombard takes drug riton,Josselyn Lombard takes drug gemt,Joell Winchurch takes drug ezetim,Joell Winchurch takes drug ketoconazole,Joell Winchurch takes drug vincristine,Joell Winchurch takes drug l-methy
paliperidone,isos,on,ti,lamiv,g d,bamazep,metop,g n,pro,metop,Salvador Labbrey takes drug isos,Salvador Labbé takes drug clon,Salvador Labb takes drug queti,Salvador Labbels takes drug lamiv,Salvador Labbriant takes drug d,Salvador Labb takes drug carbamazep,Salvador Labbado takes drug metop,Salvador Labberend takes drug n,Salvador Labb takes drug ibupro,Salvador Labbram takes drug metop
quetiapine,metoprolol,methotrexate,atenol,lisinopine,rit,dic,cloz,rug at,quet,dic,Waylen Mushett takes drug metoprolol,Waylen Mushett takes drug methotrexate,Waylen Mushett takes drug atenol.,Waylen Mushett takes drug lisinopine,Langsdon Lownes takes drug rit,Langsdon Lowney takes drug dic,Langsdon Lowney takes drug cloz,Langsdon Lownsdale takes drug at,Langsdon Lowney takes drug quet,Langsdon Lownes takes drug dic
lamotrigine,daunorub,pravastatin,fluoxetine,chondroitin,bortezom,risperidone,lamivudine,metoprolol,rug aspirin,ug,Randee Hutchin takes drug daunorub,Randee Hutchin takes drug pravastatin,Randee Hutchin takes drug fluoxetine,Randee Hutchin takes drug chondroitin,Randee Hutchin takes drug bortezom,Randee Hutchin takes drug risperidone,Randee Hutchin takes drug lamivudine,Randee Hutchin takes drug metoprolol,Ludovika O'Connell takes drug aspirin,Ludovika O'Rourke takes drug
lithium,rednis,ug,bina,oconaz,crist,nz,oprol,arab,itum,taminophen,Ludovika Oust takes drug prednis,Ludovika O'Rourke takes drug,Wat Giorgio takes drug terbina,Wat Giorgio takes drug ketoconaz,Wat Giorgio takes drug vincrist,Wat Giorgio takes drug olanz,Wat Giorgio takes drug metoprol,Wat Giorgio takes drug cytarab,Wat Giorgio takes drug ibritum,Wat Giorgio takes drug acetaminophen
risperidone,arabine,lopram,dipine,rofen,oxen,sidone,xetine,sidone,prolol,ristine,Henry Diable takes drug fludarabine,Henry Diable takes drug citalopram.,Henry Diable takes drug amlodipine,Henry Diable takes drug ibuprofen.,"Henry Diable takes drug naproxen.
",Henry Diable takes drug lurasidone.,Eric Goretti takes drug duloxetine,Eric Goretti takes drug lurasidone.,Eric Goretti takes drug metoprolol.,Eric Goretti takes drug vincristine.
fluoxetine,pravastatin,cadexomer,bortezom,lamivudine,duloxet,ibuprofen,vincristine,melphalan,carbamazepine,clozapine,Tome Bohills takes drug pravastatin,Tome Bohills takes drug cadexomer,Tome Bohills takes drug bortezom,Tome Bohills takes drug lamivudine,Tome Bohills takes drug duloxet,Tome Bohills takes drug ibuprofen,Tome Bohills takes drug vincristine,Tome Bohills takes drug melphalan.,Tome Bohills takes drug carbamazepine,Tome Bohills takes drug clozapine
olanzapine,g clozapine,g naproxen,g carmustine,g cytarabine,ug niacin,ug cytarabine,ug amlodip,ug risperidone,ug quetiap,ug nabumetone,Garrik Ricoald takes drug clozapine,Garrik Ricoald takes drug naproxen.,Garrik Ricoald takes drug carmustine.,Garrik Ricoald takes drug cytarabine,Ardyce Calendar takes drug niacin.,Ardyce Calendar takes drug cytarabine,Ardyce Calendar takes drug amlodip,Ardyce Calendar takes drug risperidone,Ardyce Calendar takes drug quetiap,Ardyce Calendar takes drug nabumetone
buspirone,niacin,amlodipine,amlodipine,dexamethasone,l-methylf,efavirenz,alprazolam,citalopram,risperidone,terbinafine,"Judie Street takes drug niacin.
",Judie Street takes drug amlodipine,Judie Street takes drug amlodipine,Judie Street takes drug dexamethasone,Judie Street takes drug l-methylf,Judie Street takes drug efavirenz,Judie Street takes drug alprazolam,Judie Street takes drug citalopram.,Marysa Lynch takes drug risperidone.,Marysa Lynch takes drug terbinafine.
clonazepam,aspirin Patient,niacin,rug ibritum,rug ibupro,rug bortez,rug aspirin,rug ibritum,rug ibritum,rug dicl,rug metoprol,"Marysa Lynch takes drug aspirin.
Patient","Marysa Lynch takes drug niacin.
",Matthias Overill takes drug ibritum,Matthias Overill takes drug ibupro,Matthias Overill takes drug bortez,"Matthias Overill takes drug aspirin.
",Matthias Overill takes drug ibritum,Matthias Overill takes drug ibritum,Matthias Overill takes drug dicl,Matthias Overill takes drug metoprol
sertraline,tine,afine,fen,y,m,afine,g aten,g risper,g paliper,ug d,Rey Ginn takes drug fluoxetine,Rey Ginn takes drug terbinafine,Rey Ginn takes drug ibuprofen,Rey Ginn takes drug l-methy,Rey Ginn takes drug rituxim,Rey Ginn takes drug terbinafine,Claresta Henshaw takes drug aten,Claresta Hensall takes drug risper,Claresta Hensman takes drug paliper,Claresta Henschke takes drug d
aripiprazole,sperid,g d,fluox,g gemf,cytar,g aml,ug cy,g riton,risper,naprox,Chrissie Rath takes drug risperid,Chrissie Rathkoff takes drug d,Chrissie Rathway takes drug fluox,Chrissie Rathwood takes drug gemf,Chrissie Rathke takes drug cytar,Chrissie Rathburn takes drug aml,Chrissie Rathgeber takes drug cy,Chrissie Rathwell takes drug riton,Chrissie Rathner takes drug risper,Chrissie Rathton takes drug naprox
topiramate,amlodip,lamivudine,pravastatin,duloxet,amlod,carbamazep,niacin,citalop,naproxen,aripip,Welsh Joinson takes drug amlodip,Welsh Joinson takes drug lamivudine,Welsh Joinson takes drug pravastatin,Welsh Joinson takes drug duloxet,Tudor Sawford takes drug amlod,Tudor Sawford takes drug carbamazep,Tudor Sawford takes drug niacin,Tudor Sawford takes drug citalop,Tudor Sawford takes drug naproxen,Tudor Sawford takes drug aripip
diazepam,ug olanzap,ug duloxet,ug paliperidone,ug terbinafine,ug isosorbide,ug loxapine,ug naproxen,ug cadexomer,mivud,mivud,Theodore Stratton takes drug olanzap,Theodore Stratton takes drug duloxet,Theodore Stratton takes drug paliperidone,Theodore Stratton takes drug terbinafine,Theodore Stratton takes drug isosorbide,Theodore Stratton takes drug loxapine,Theodore Stratton takes drug naproxen.,Theodore Stratton takes drug cadexomer,Faun Dodshon takes drug lamivud,Faun Dodshon takes drug lamivud
lorazepam,,,stine,idone,afine,afine,dom,olol,,inophen,Faun Dodshon takes drug dicl,Faun Dodshon takes drug dulox,Clio Mergue takes drug vincristine,Clio Mergue takes drug risperidone,Clio Mergue takes drug terbinafine,Clio Mergue takes drug terbinafine,Clio Mergue takes drug pomalidom,Clio Mergue takes drug metoprolol,Clio Mergue takes drug diclof,Clio Mergue takes drug acetaminophen.
escitalopram,g clonaz,g idelalis,rug acetamin,g clozap,rug dic,rug naprox,ug terb,aproxen,ug cy,g risper,Eachelle Egles takes drug clonaz,Eachelle Egles takes drug idelalis,Eachelle Eglesay takes drug acetamin,Eachelle Egles takes drug clozap,Eachelle Egleson takes drug dic,Eachelle Eglesby takes drug naprox,Melvyn Broxfeld takes drug terb,Melvyn Brox takes drug naproxen,Melvyn Broxnall takes drug cy,Melvyn Broxter takes drug risper
divalproex sodium,g lorazep,g cytarabine,g idelalisib,g risperidone,g paliperidone,g cytarabine,g carcinoid,g naproxen,g nabumetone,g amlodip,Carin Selwood takes drug lorazep,Carin Selwood takes drug cytarabine,Carin Selwood takes drug idelalisib,Carin Selwood takes drug risperidone,Carin Selwood takes drug paliperidone,Carin Selwood takes drug cytarabine,Carin Selwood takes drug carcinoid.,Carin Selwood takes drug naproxen.,Carin Selwood takes drug nabumetone,Carin Selwood takes drug amlodip
alprazolam,eridone,aminophen,thylf,azolam,terbinafine,amlodipine,amlodipine,paliperidone,ritonavir,duloxetine,Isa Anthill takes drug risperidone.,"Isa Anthill takes drug acetaminophen.
",Isa Anthill takes drug l-methylf,Isa Anthill takes drug alprazolam,Kat Francescone takes drug terbinafine.,Kat Francescone takes drug amlodipine,Kat Francescone takes drug amlodipine,Kat Francescone takes drug paliperidone.,Kat Francescone takes drug ritonavir.,Kat Francescone takes drug duloxetine
clozapine,ug dulox,ug piperom,ug citalop,ug amlod,ug clozap,ug risperid,ug cytarab,ug risperid,loxicam,rmustine,Bertie Gitthouse takes drug dulox,Bertie Gitthouse takes drug piperom,Bertie Gitthouse takes drug citalop,Bertie Gitthouse takes drug amlod,Bertie Gitthouse takes drug clozap,Bertie Gitthouse takes drug risperid,Bertie Gitthouse takes drug cytarab,Bertie Gitthouse takes drug risperid,Evin Lamers takes drug meloxicam.,Evin Lamers takes drug carmustine.
oxcarbazepine,lterit,loxet,ofib,lof,taminophen,darab,arabine,ophosph,oxetine,lof,Evin Lamers takes drug gilterit,Evin Lamers takes drug duloxet,Berny Ubee takes drug fenofib,Berny Ubee takes drug diclof,Berny Ubee takes drug acetaminophen.,Berny Ubee takes drug fludarab,Berny Ubee takes drug cytarabine,Berny Ubee takes drug lysophosph,Berny Ubee takes drug fluoxetine,Berny Ubee takes drug diclof
citalopram,g duloxet,g metoprolol,g niacin,g terbinafine,g amlodip,g lisdexam,rituxim,dexamethas,meloxicam,diazepam,Walsh Currier takes drug duloxet,Walsh Currier takes drug metoprolol,Walsh Currier takes drug niacin.,Walsh Currier takes drug terbinafine,Walsh Currier takes drug amlodip,Walsh Currier takes drug lisdexam,Marve Ranner takes drug rituxim,Marve Ranner takes drug dexamethas,Marve Ranner takes drug meloxicam.,Marve Ranner takes drug diazepam.
haloperidol,nabum,dic,terb,dic,lisd,armust,g pred,p,emt,cital,Hansiain Genever takes drug nabum,Hansiain Genest takes drug dic,Hansiain Genell takes drug terb,Hansiain Genkin takes drug dic,Hansiain Genever takes drug lisd,Hansiain Genad takes drug carmust,Hansiain Geniaris takes drug pred,Hansiain Genoese takes drug p,Hansiain Genome takes drug emt,Hansiain Genzel takes drug cital
lurasidone,melph,rug enas,quet,lor,rist,od,liper,oxen,bup,i,Kariotta Tersley takes drug melph,Kariotta Tersington takes drug enas,Kariotta Tersit takes drug quet,Kariotta Tersis takes drug lor,Vivie Ameer takes drug vincrist,Vivie Ameeris takes drug etod,Vivie Ameerah takes drug paliper,Vivie Ameer takes drug naproxen,Vivie Ameeroff takes drug ibup,Vivie Ameer takes drug queti
l-methylfolate,erid,rab,amazep,erid,ap,lop,aminophen,p,uloxet,zetim,Gerri Dibbe takes drug risperid,Gerri Dibbe takes drug cytarab,Gerri Dibbe takes drug carbamazep,Gerri Dibbe takes drug risperid,Gerri Dibbe takes drug clozap,Gerri Dibbe takes drug citalop,Gerri Dibbe takes drug acetaminophen,Gerri Dibbe takes drug loxap,Dick Cattonnet takes drug duloxet,Dick Cattonnet takes drug ezetim
carbamazepine,ug naproxen,ug idelalisib,aspirin Pat,ritonavir,diclof,amlodip,diclof,ibritumom,thalidomide,lamivudine,Dick Cattonnet takes drug naproxen.,Dick Cattonnet takes drug idelalisib,"Evania Freen takes drug aspirin.
Pat",Evania Freen takes drug ritonavir,Evania Freen takes drug diclof,Evania Freen takes drug amlodip,Evania Freen takes drug diclof,Evania Freen takes drug ibritumom,Evania Freen takes drug thalidomide,Evania Freen takes drug lamivudine
asenapine,g ritux,g queti,g aspirin,g carmustine,g ezet,g dulox,cl,mivud,talop,avast,Bram Thorneywork takes drug ritux,Bram Thorneywork takes drug queti,"Bram Thorneywork takes drug aspirin.
",Bram Thorneywork takes drug carmustine,Bram Thorneywork takes drug ezet,Bram Thorneywork takes drug dulox,Levy Walrond takes drug dicl,Levy Walrond takes drug lamivud,Levy Walrond takes drug citalop,Levy Walrond takes drug pravast
paliperidone,faviren,uetiap,italopram,isperidone,orazep,uloxet,britumom,omalidom,isperidone,lozapine,Netti Burtt takes drug efaviren,Netti Burtt takes drug quetiap,Netti Burtt takes drug citalopram,Netti Burtt takes drug risperidone,Netti Burtt takes drug lorazep,Netti Burtt takes drug duloxet,Netti Burtt takes drug ibritumom,Netti Burtt takes drug pomalidom,Netti Burtt takes drug risperidone,Netti Burtt takes drug clozapine
quetiapine,g lor,nabum,g fluox,g cital,ueti,tenol,incrist,arbamazep,omalid,ivalpro,Caleb Crumbleholme takes drug lor,Caleb Crumbleholt takes drug nabum,Caleb Crumbleholme takes drug fluox,Caleb Crumbleholme takes drug cital,Annnora Raywood takes drug queti,Annnora Raywood takes drug atenol,Annnora Raywood takes drug vincrist,Annnora Raywood takes drug carbamazep,Annnora Raywood takes drug pomalid,Annnora Raywood takes drug divalpro
lamotrigine,omalidom,ituxim,etoconazole,buprofen,isperidone,etoconazole,ithium Pat,ytarabine,ug cytarab,ug clonaz,Farlay Cast takes drug lomalidom,Farlay Cast takes drug rituxim,Farlay Cast takes drug ketoconazole,Farlay Cast takes drug ibuprofen,Farlay Cast takes drug risperidone,Farlay Cast takes drug ketoconazole,"Farlay Cast takes drug lithium.
Pat",Farlay Cast takes drug cytarabine,Jaquith Hudless takes drug cytarab,Jaquith Hudless takes drug clonaz
lithium,rug ritux,rug ibrut,mlodip,ludarab,iclof,iclof,erbinafine,aproxen,isperidone,abumetone,Jaquith Hudless takes drug ritux,Jaquith Hudless takes drug ibrut,Otha Ainge takes drug amlodip,Otha Ainge takes drug fludarab,Otha Ainge takes drug diclof,Otha Ainge takes drug diclof,Otha Ainge takes drug terbinafine,Otha Ainge takes drug naproxen.,Otha Ainge takes drug risperidone,Otha Ainge takes drug nabumetone
risperidone,oitin,mom,pram,vir,dine,,od,hium,raz,onaz,Rollo Simnor takes drug chondroitin,Rollo Simnor takes drug ibritumom,Rollo Simnor takes drug citalopram,Rollo Simnor takes drug ritonavir,Rollo Simnor takes drug lamivudine,Rollo Simnor takes drug diclof,Meredith Jaffra takes drug amlod,"Meredith Jaffra takes drug lithium.
",Meredith Jaffra takes drug alpraz,Meredith Jaffra takes drug miconaz
fluoxetine,tonav,proxen,alp,mivud,rtral,melph,haloper,tonav,upro,risper,Florenza Trott takes drug ritonav,Florenza Trott takes drug naproxen,Florenza Trottel takes drug alp,Florenza Trott takes drug lamivud,Florenza Trott takes drug sertral,Florenza Trottier takes drug melph,Florenza Trotton takes drug haloper,Florenza Trott takes drug ritonav,Florenza Trott takes drug ibupro,Florenza Trottier takes drug risper
olanzapine,flud,bort,piper,paliper,haloperid,amlod,ezet,dulox,efav,amlod,Barney Vasechkin takes drug flud,Barney Vasechkin takes drug bort,Barney Vasechkin takes drug piper,Barney Vasechkin takes drug paliper,Maude Paternoster takes drug haloperid,Maude Paternoster takes drug amlod,Maude Paternoster takes drug ezet,Maude Paternoster takes drug dulox,Maude Paternoster takes drug efav,Maude Paternoster takes drug amlod
buspirone,bro,rab,pine,f,stine,et,umom,pine,aml,g ter,Mario Maseyk takes drug gemfibro,Mario Maseyk takes drug fludarab,Mario Maseyk takes drug clozapine,Mario Maseyk takes drug diclof,Mario Maseyk takes drug carmustine.,Mario Maseyk takes drug duloxet,Mario Maseyk takes drug ibritumom,Mario Maseyk takes drug clozapine,Anastassia Slavin takes drug aml,Anastassia Slingsby takes drug ter
clonazepam,drug ris,drug lam,drug cytarab,drug lurasid,drug idelalis,drug rosuv,drug alpraz,drug ibupro,drug cadex,drug naproxen,Anastassia Sloughy takes drug ris,Anastassia Slavens takes drug lam,Gallagher McFarlan takes drug cytarab,Gallagher McFarlan takes drug lurasid,Gallagher McFarlan takes drug idelalis,Gallagher McFarlan takes drug rosuv,Gallagher McFarlan takes drug alpraz,Gallagher McFarlan takes drug ibupro,Gallagher McFarlan takes drug cadex,Gallagher McFarlan takes drug naproxen
sertraline,icam,statin,opram,in Pat,onazole,f,b,ne,ne,ne,Drew Mingard takes drug meloxicam.,Drew Mingard takes drug simvastatin,Drew Mingard takes drug citalopram,"Drew Mingard takes drug aspirin.
Pat",Drew Mingard takes drug ketoconazole,Drew Mingard takes drug diclof,Van Payle takes drug ibrutinib,Van Payle takes drug quetiapine,Van Payle takes drug cytarabine.,Van Payle takes drug quetiapine
aripiprazole,tamin,p,,,irin,ar,g r,,d,ecox,Beltran Kinfarr takes drug acetamin,Beltran Kinfahun takes drug nap,Beltran Kinfaun takes drug lox,Beltran Kinfaun takes drug dul,Beltran Kinfaun takes drug aspirin.,Beltran Kinfrey takes drug cytar,Beltran Kinfenberger takes drug r,Beltran Kinfin takes drug dic,Beltran Kinfell takes drug flud,Beltran Kinfell takes drug celecox
topiramate,ug fenof,ug atorv,ug acetaminophen,ug dulox,rug terb,ug melph,g prav,rug naprox,ug aten,drug naprox,Chrystal Ancell takes drug fenof,Chrystal Ancell takes drug atorv,Chrystal Ancell takes drug acetaminophen,Chrystal Ancell takes drug dulox,Jephthah Martins takes drug terb,Jephthah Martyn takes drug melph,Jephthah Marts takes drug prav,Jephthah Martina takes drug naprox,Jephthah Martey takes drug aten,Jephthah Martello takes drug naprox
diazepam,drug dulox,drug acetaminophen,drug carbamazep,drug citalop,drug ketoconaz,drug loraz,drug olanz,drug citalop,rug dic,ug risperid,Kelcey Bentley takes drug dulox,Kelcey Bentley takes drug acetaminophen,Kelcey Bentley takes drug carbamazep,Kelcey Bentley takes drug citalop,Kelcey Bentley takes drug ketoconaz,Kelcey Bentley takes drug loraz,Kelcey Bentley takes drug olanz,Kelcey Bentley takes drug citalop,Berthe Duferd takes drug dic,Berthe Dufer takes drug risperid
lorazepam,ul,p,xen,f,inil,abine,eridol,etone,nafine,nafine,Berthe Duferney takes drug dul,Berthe Duferronn takes drug p,Rhea Minett takes drug naproxen.,Rhea Minett takes drug diclof,Rhea Minett takes drug modafinil,Rhea Minett takes drug cytarabine,Rhea Minett takes drug haloperidol,Rhea Minett takes drug nabumetone,Rhea Minett takes drug terbinafine,Rhea Minett takes drug terbinafine
escitalopram,roxen,razol,lalisib,umetone,odip,zepam,l-methy,olanzap,cytarabine,loxapine,Yance Sorton takes drug naproxen.,Yance Sorton takes drug alprazol,Yance Sorton takes drug idelalisib,Yance Sorton takes drug nabumetone,Yance Sorton takes drug amlodip,Yance Sorton takes drug diazepam.,Hannis Roycraft takes drug l-methy,Hannis Roycraft takes drug olanzap,Hannis Roycraft takes drug cytarabine,Hannis Roycraft takes drug loxapine
divalproex sodium,chond,fluox,pom,cycloph,rip,ez,dith,riton,ketocon,aml,Delphinia Cargill takes drug chond,Delphinia Cargill takes drug fluox,Delphinia Cargill takes drug pom,Delphinia Cargill takes drug cycloph,Delphinia Cargel takes drug arip,Delphinia Cargill takes drug ez,Delphinia Cargent takes drug dith,Delphinia Cargill takes drug riton,Delphinia Cargore takes drug ketocon,Delphinia Cargill takes drug aml
alprazolam,dexam,modaf,lisd,lor,taminophen,trolene,odip,terit,oxet,pipraz,Wendeline Anstey takes drug dexam,Wendeline Anstee takes drug modaf,Wendeline Anstee takes drug lisd,Wendeline Anstee takes drug lor,Merwyn Stamps takes drug acetaminophen.,Merwyn Stamps takes drug dantrolene,Merwyn Stamps takes drug amlodip,Merwyn Stamps takes drug gilterit,Merwyn Stamps takes drug duloxet,Merwyn Stamps takes drug aripipraz
clozapine,rug luras,ug ibrit,rug l,ug naprox,ug ef,rug carmust,rug olan,ug acetamin,diclof,lamivudine,Winslow McMorland takes drug luras,Winslow McMorran takes drug ibrit,Winslow McMorlind takes drug l,Winslow McMorris takes drug naprox,Winslow McMorris takes drug ef,Winslow McMorland takes drug carmust,Winslow McMorland takes drug olan,Winslow McMorris takes drug acetamin,Pavel Leveritt takes drug diclof,Pavel Leveritt takes drug lamivudine
oxcarbazepine,lof,lof,cl,,g l,,g,sper,tocon,cl,Pavel Leveritt takes drug diclof,Pavel Leveritt takes drug diclof,Enrichetta Ziegert takes drug cl,Enrichetta Zafrino takes drug,Enrichetta Zalewski takes drug l,Enrichetta Zabarda takes drug,Enrichetta Ziebelth takes drug,Enrichetta Zook takes drug risper,Enrichetta Zink takes drug ketocon,Enrichetta Zafarie takes drug cl
citalopram,isosorb,cytarab,clozap,ibupro,ritonav,ketoconaz,nabumetone,clozapine,prednisone,cytarabine lip,Brana Fellgett takes drug isosorb,Brana Fellgett takes drug cytarab,Brana Fellgett takes drug clozap,Brana Fellgett takes drug ibupro,Brana Fellgett takes drug ritonav,Brana Fellgett takes drug ketoconaz,Gaylene Savage takes drug nabumetone.,Gaylene Savage takes drug clozapine.,"Gaylene Savage takes drug prednisone.
",Gaylene Savage takes drug cytarabine lip
haloperidol,er,per,v,,,,m,,in,is,Inger Gyorgyne takes drug risper,Inger Gyorgykov takes drug risper,Inger Gyorgyzyna takes drug lov,Inger Gyorgyzyna takes drug ib,Inger Gyorgyi takes drug dic,Inger Gyorgy Gipson takes drug,Inger Gyorgyorgy takes drug lam,Inger Gyorgyzd takes drug d,Inger Gyorgyi takes drug aspirin.,Inger Gyorgy takes drug idelalis
lurasidone,ol,nav,ro,xicam,ug fenof,ug gilter,ug risperid,drug metop,ug ritux,drug ibup,Wylma Booi takes drug atenol,Wylma Booi takes drug ritonav,Wylma Booi takes drug ibupro,Wylma Booi takes drug meloxicam,Mattheus Shergold takes drug fenof,Mattheus Shergold takes drug gilter,Mattheus Shergold takes drug risperid,Mattheus Shergolden takes drug metop,Mattheus Shergold takes drug ritux,Mattheus Shergolden takes drug ibup
l-methylfolate,nophen,ine,zepine,ne,nib,b,fine,,filz,isd,Ag Bysh takes drug acetaminophen.,Ag Bysh takes drug cytarabine,Ag Bysh takes drug carbamazepine,Ag Bysh takes drug clozapine,Ag Bysh takes drug enasidenib,Ag Bysh takes drug fludarab,Ag Bysh takes drug terbinafine,Ag Bysh takes drug ezetim,Kippar Goll takes drug carfilz,Kippar Gollop takes drug lisd
carbamazepine,metocl,g vinc,rug acetaminophen,rug risperid,rug risperid,rug ritonav,rug glasdeg,rug vincrist,rug ezet,rug ketoconaz,Kippar Gollow takes drug metocl,Kippar Gollick takes drug vinc,Abigale Joseland takes drug acetaminophen,Abigale Joseland takes drug risperid,Abigale Joseland takes drug risperid,Abigale Joseland takes drug ritonav,Abigale Joseland takes drug glasdeg,Abigale Joseland takes drug vincrist,Abigale Joseland takes drug ezet,Abigale Joseland takes drug ketoconaz
asenapine,drug amlodip,drug aspirin,drug pravastatin,drug cytarabine,drug nabumetone,drug aspirin,g citalop,g efav,g dulox,g paliperid,Agatha Brampton takes drug amlodip,"Agatha Brampton takes drug aspirin.
Pat",Agatha Brampton takes drug pravastatin,Agatha Brampton takes drug cytarabine,Agatha Brampton takes drug nabumetone,"Agatha Brampton takes drug aspirin.
Pat",Lacey Aslott takes drug citalop,Lacey Aslott takes drug efav,Lacey Aslott takes drug dulox,Lacey Aslott takes drug paliperid
paliperidone,aripipraz,fenofib,cadexomer,fluoxetine,duloxet,fludarab,olanzap,gemfibro,risperidone,atorvast,Orlan Kendell takes drug aripipraz,Orlan Kendell takes drug fenofib,Orlan Kendell takes drug cadexomer,Orlan Kendell takes drug fluoxetine,Orlan Kendell takes drug duloxet,Orlan Kendell takes drug fludarab,Orlan Kendell takes drug olanzap,Orlan Kendell takes drug gemfibro,Orlan Kendell takes drug risperidone,Orlan Kendell takes drug atorvast
quetiapine,bortez,pravast,terbina,pravast,terbinafine,diazepam,lamivudine,fludarab,clozapine,naproxen,Abeu Cohani takes drug bortez,Abeu Cohani takes drug pravast,Abeu Cohani takes drug terbina,Abeu Cohani takes drug pravast,Merl Mearing takes drug terbinafine,Merl Mearing takes drug diazepam.,Merl Mearing takes drug lamivudine,Merl Mearing takes drug fludarab,Merl Mearing takes drug clozapine,Merl Mearing takes drug naproxen.
lamotrigine,drug dulox,drug clozap,drug dulox,drug pomalid,drug haloperid,drug cytarab,drug ibupro,drug dicl,lozap,ovastatin,Benedetta Cassels takes drug dulox,Benedetta Cassels takes drug clozap,Benedetta Cassels takes drug dulox,Benedetta Cassels takes drug pomalid,Benedetta Cassels takes drug haloperid,Benedetta Cassels takes drug cytarab,Benedetta Cassels takes drug ibupro,Benedetta Cassels takes drug dicl,Gael Nisius takes drug clozap,Gael Nisius takes drug lovastatin
lithium,,d,irin,ux,pip,oconaz,l,luox,onav,itum,Gael Nisius takes drug amlod,Gael Nisius takes drug lamivud,"Caresa Brocket takes drug aspirin.
",Caresa Brocket takes drug ritux,Caresa Brocket takes drug aripip,Caresa Brocket takes drug ketoconaz,Caresa Brocket takes drug dicl,Caresa Brocketty takes drug fluox,Caresa Brocket takes drug ritonav,Caresa Brocket takes drug ibritum
risperidone,drug ezet,drug gemfib,drug amlod,drug fludar,drug prednisone,drug aripip,g amlodip,g clonazep,g ketoconazole,g pravastatin,Rowan Andreoletti takes drug ezet,Rowan Andreoletti takes drug gemfib,Rowan Andreoletti takes drug amlod,Rowan Andreoletti takes drug fludar,Rowan Andreoletti takes drug prednisone,Rowan Andreoletti takes drug aripip,Wenda Brenard takes drug amlodip,Wenda Brenard takes drug clonazep,Wenda Brenard takes drug ketoconazole,Wenda Brenard takes drug pravastatin
fluoxetine,lasdeg,fav,ytarab,isperid,mlod,mlod,eloxicam,ytarab,isperid,isperid,Ebonee Windus takes drug glasdeg,Ebonee Windus takes drug efav,Ebonee Windus takes drug cytarab,Ebonee Windus takes drug risperid,Ebonee Windus takes drug amlod,Ebonee Windus takes drug amlod,Ebonee Windus takes drug meloxicam,Ebonee Windus takes drug cytarab,Ebonee Windus takes drug risperid,Ebonee Windus takes drug risperid
olanzapine,sperid,tarab,proxen,toprol,idone,om,nazole,,,afine,Ladonna Camelin takes drug risperid,Ladonna Camelin takes drug cytarab,Ladonna Camelin takes drug naproxen,Ladonna Camelin takes drug metoprol,Keen Cleere takes drug risperidone,Keen Cleere takes drug bortezom,Keen Cleere takes drug ketoconazole,Keen Cleere takes drug diclof,Keen Cleere takes drug diclof,Keen Cleere takes drug terbinafine
buspirone,iclofen,amivudine,uloxetine,arbamazepine,eloxicam,iclofen,iconazole,aproxen,uloxet,ethotrexate,Man Longmate takes drug diclofen,Man Longmate takes drug lamivudine.,Man Longmate takes drug duloxetine,Man Longmate takes drug carbamazepine.,"Man Longmate takes drug meloxicam.
",Man Longmate takes drug diclofen,Man Longmate takes drug miconazole.,"Man Longmate takes drug naproxen.
",Zitella List takes drug duloxet,Zitella List takes drug methotrexate
clonazepam,lozapine,nasidenib,methotrex,terbina,cytarab,aspirin,paliperid,ibupro,olanz,risperid,Zitella List takes drug clozapine,Zitella List takes drug enasidenib,Shea Le Grice takes drug methotrex,Shea Le Grice takes drug terbina,Shea Le Grice takes drug cytarab,"Shea Le Grice takes drug aspirin.
",Shea Le Grice takes drug paliperid,Shea Le Grice takes drug ibupro,Shea Le Grice takes drug olanz,Shea Le Grice takes drug risperid
sertraline,ntadine,ivudine,onavir,oxetine,peridone,dexam,cytar,ez,lamiv,dul,Vite Sharper takes drug amantadine,Vite Sharper takes drug lamivudine,Vite Sharper takes drug ritonavir,Vite Sharper takes drug fluoxetine,Vite Sharper takes drug risperidone,Vite Sharper takes drug lisdexam,Catherin Dorsett takes drug cytar,Catherin Dorsett takes drug ez,Catherin Dorsay takes drug lamiv,Catherin Dorsett takes drug dul
aripiprazole,loxapine,rituximab,nabumetone,carbamazepine,amlodipine,clozapine,lamivudine,cytarabine,vincristine,diclofen,Lona Finn takes drug loxapine.,Lona Finn takes drug rituximab,Lona Finn takes drug nabumetone.,Lona Finn takes drug carbamazepine.,Lona Finn takes drug amlodipine,Lona Finn takes drug clozapine.,Lona Finn takes drug lamivudine.,Lona Finn takes drug cytarabine.,Lona Finn takes drug vincristine.,Lona Finn takes drug diclofen
topiramate,meloxicam,gilter,lisdex,pomalid,inib,inib,inib,inib,inib,inib,Sunny Coddington takes drug meloxicam,Sunny Coddington takes drug gilter,Sunny Coddington takes drug lisdex,Sunny Coddington takes drug pomalid,Eric Fallon takes drug ibrutinib.,Eric Fallon takes drug ibrutinib.,Eric Fallon takes drug ibrutinib.,Eric Fallon takes drug ibrutinib.,Eric Fallon takes drug ibrutinib.,Eric Fallon takes drug ibrutinib.
diazepam,acetaminophen,naproxen,nabumet,naproxen,lamivud,amlod,ketoconaz,pomalid,g fluoxet,g dicl,Luce Sibbert takes drug acetaminophen,Luce Sibbert takes drug naproxen,Luce Sibbert takes drug nabumet,Luce Sibbert takes drug naproxen,Luce Sibbert takes drug lamivud,Luce Sibbert takes drug amlod,Luce Sibbert takes drug ketoconaz,Luce Sibbert takes drug pomalid,Sander Dallon takes drug fluoxet,Sander Dallon takes drug dicl
lorazepam,diazepam,ritux,citalop,ketoconaz,metoprol,amantad,bortez,niacin,se called,haloperid,Sander Dallon takes drug diazepam,Sander Dallon takes drug ritux,Puff Joannet takes drug citalop,Puff Joannet takes drug ketoconaz,Puff Joannet takes drug metoprol,Puff Joannet takes drug amantad,Puff Joannet takes drug bortez,Puff Joannet takes drug niacin,Puff Joannet has a disease called high,Puff Joannet takes drug haloperid
escitalopram,g dulox,g carbamazep,g pomalid,g prednisone,g aspirin,g risperid,ug carbamaz,s drug,drug lam,drug r,Belita Pancoast takes drug dulox,Belita Pancoast takes drug carbamazep,Belita Pancoast takes drug pomalid,Belita Pancoast takes drug prednisone,"Belita Pancoast takes drug aspirin.
",Belita Pancoast takes drug risperid,Tomasina Matusko takes drug carbamaz,Tomasina Matuszewski takes drug d,Tomasina Matuschak takes drug lam,Tomasina Matusowich takes drug r
divalproex sodium,iacin,ethotrex,aliperid,g bort,ytarab,aloperid,lozap,ethotrex,senap,lozap,Gardy Bouda takes drug niacin,Gardy Bouda takes drug methotrex,Gardy Bouda takes drug paliperid,Gardy Boudaard takes drug bort,Gardy Bouda takes drug cytarab,Gardy Bouda takes drug haloperid,Gardy Bouda takes drug clozap,Gardy Bouda takes drug methotrex,Gardy Bouda takes drug asenap,Gardy Bouda takes drug clozap
alprazolam,profen,cristine,odip,oxet,navir,xicam,ibro,tumum,uzum,of,Adan Semmens takes drug ibuprofen,Adan Semmens takes drug vincristine,Adan Semmens takes drug amlodip,Adan Semmens takes drug duloxet,Clari Coole takes drug ritonavir,Clari Coole takes drug meloxicam.,Clari Coole takes drug gemfibro,Clari Coole takes drug daratumum,Clari Coole takes drug gemtuzum,Clari Coole takes drug diclof
clozapine,ine,b,tin,ne,ophen,ine,tin AND,ne,,,Meta Espinas takes drug fludarabine,Meta Espinas takes drug rituximab,Meta Espinas takes drug simvastatin.,Meta Espinas takes drug quetiapine,"Meta Espinas takes drug acetaminophen.
",Meta Espinas takes drug terbinafine.,Meta Espinas takes drug chondroitin AND,Meta Espinas takes drug amlodipine,Orin Duchatel takes drug fluoxet,Orin Duchatel takes drug clonaz
oxcarbazepine,g paliperid,g carbamazep,rug ketocon,rug clon,rug lamiv,rug carmust,rug risper,rug naprox,rug lond,rug chond,Orin Duchatel takes drug paliperid,Orin Duchatel takes drug carbamazep,Gasparo Ivashin takes drug ketocon,Gasparo Ivashov takes drug clon,Gasparo Ivashin takes drug lamiv,Gasparo Ivashin takes drug carmust,Gasparo Ivashin takes drug risper,Gasparo Ivashin takes drug naprox,Gasparo Ivashin takes drug lond,Gasparo Ivashin takes drug chond
citalopram,drug l,drug aspirin,drug dex,g r,ug acet,g ris,g fenofib,g ritonavir,g risperidone,g aripipraz,Pauletta Bancoult takes drug l,Pauletta Bannister takes drug aspirin,Pauletta Bickford takes drug dex,Pauletta Broun takes drug r,Pauletta Bannan takes drug acet,Pauletta Bessy takes drug ris,Golda Halbeard takes drug fenofib,Golda Halbeard takes drug ritonavir,Golda Halbeard takes drug risperidone,Golda Halbeard takes drug aripipraz
haloperidol,ug cy,acet,g qu,g cycl,loz,ital,g l,g d,g cy,naprox,Fawnia MacGaughan takes drug cy,Fawnia MacGuffe takes drug acet,Fawnia MacGibbon takes drug qu,Fawnia MacGaugan takes drug cycl,Fawnia MacGee takes drug cloz,Fawnia MacGee takes drug cital,Fawnia MacGillie takes drug l,Fawnia MacGuffey takes drug d,Fawnia MacGaffin takes drug cy,Fawnia MacGuff takes drug naprox
lurasidone,dulox,dexameth,citalop,prednisone,xet,arab,prolol,rin Pat,rin Pat,rabine,Sandy Scutching takes drug dulox,Sandy Scutching takes drug dexameth,Sandy Scutching takes drug citalop,Sandy Scutching takes drug prednisone,Mirna Grute takes drug duloxet,Mirna Grute takes drug fludarab,Mirna Grute takes drug metoprolol,"Mirna Grute takes drug aspirin.
Pat","Mirna Grute takes drug aspirin.
Pat",Mirna Grute takes drug cytarabine
l-methylfolate,g diclof,g lorazep,g sertraline,g fluoxetine,g lamivudine,g aspirin,g melphalan,g aspirin,g diazepam,g risperidone,Wally Fortman takes drug diclof,Wally Fortman takes drug lorazep,Wally Fortman takes drug sertraline,Wally Fortman takes drug fluoxetine,Wally Fortman takes drug lamivudine,"Wally Fortman takes drug aspirin.
Pat",Wally Fortman takes drug melphalan.,"Wally Fortman takes drug aspirin.
Pat",Jody Hitchens takes drug diazepam.,Jody Hitchens takes drug risperidone
carbamazepine,pomalidom,lovastatin,ytarab,aproxen,omalid,ulox,ueti,armustine,omalid,senap,Jody Hitchens takes drug pomalidom,Jody Hitchens takes drug lovastatin.,Kore Morrowe takes drug cytarab,Kore Morrowe takes drug naproxen,Kore Morrowe takes drug pomalid,Kore Morrowe takes drug dulox,Kore Morrowe takes drug queti,Kore Morrowe takes drug carmustine,Kore Morrowe takes drug pomalid,Kore Morrowe takes drug asenap
asenapine,rug ro,nd has,risper,cytar,ulox,risper,tral,roxen,perid,bamazep,Kamila Earenthale takes drug ro,Kamila Earen is a nurse and has,Kamila Earens takes drug risper,Kamila Earenby takes drug cytar,Kamila Earen takes drug dulox,Kamila Earens takes drug risper,Vina Valti takes drug sertral,Vina Valti takes drug naproxen,Vina Valti takes drug risperid,Vina Valti takes drug carbamazep
paliperidone,enasidenib,risperidone,lorazep,citalopram,alprazol,clonazep,risperidone,enasidenib,quetiap,cadexomer,Betti Checci takes drug enasidenib,Betti Checci takes drug risperidone,Betti Checci takes drug lorazep,Betti Checci takes drug citalopram,Betti Checci takes drug alprazol,Betti Checci takes drug clonazep,Betti Checci takes drug risperidone,Betti Checci takes drug enasidenib,Betti Checci takes drug quetiap,Betti Checci takes drug cadexomer
quetiapine,iapine,vudine,iapine,iprazole,ric,roglycer,onav,crist,irin,l,Kyle Upjohn takes drug quetiapine,Kyle Upjohn takes drug lamivudine.,Kyle Upjohn takes drug quetiapine,Kyle Upjohn takes drug aripiprazole,Inge Caustic takes drug emtric,Inge Caustic takes drug nitroglycer,Inge Caustic takes drug ritonav,Inge Caustic takes drug vincrist,"Inge Caustic takes drug aspirin.
",Inge Caustic takes drug dicl
lamotrigine,g clozap,g efav,g isosorb,g naproxen,g niacin,g olanz,drug cycloph,drug amant,ug flud,rug cytar,Jo-ann Kleim takes drug clozap,Jo-ann Kleim takes drug efav,Jo-ann Kleim takes drug isosorb,Jo-ann Kleim takes drug naproxen,Jo-ann Kleim takes drug niacin,Jo-ann Kleim takes drug olanz,Jo-ann Kleimers takes drug cycloph,Jo-ann Kleimmann takes drug amant,Nikki O'Curly takes drug flud,Nikki O'Curran takes drug cytar
lithium,dic,g aspirin,itonavir,italopram,iclof,incristine,rednisone,ytarabine,isperidone,isperidone,Nikki O'Curie takes drug dic,Nikki O'Currie takes drug aspirin.,Reagen Fend takes drug ritonavir,Reagen Fend takes drug citalopram,Reagen Fend takes drug diclof,Reagen Fend takes drug vincristine,Reagen Fend takes drug prednisone.,Reagen Fend takes drug cytarabine,Reagen Fend takes drug risperidone,Reagen Fend takes drug risperidone
risperidone,metoprolol,ritonavir,niacin,amlodip,celecoxib,lurasidone,lurasidone,alprazol,idelalisib,alprazol,Mair Polack takes drug metoprolol,Mair Polack takes drug ritonavir,Mair Polack takes drug niacin.,Mair Polack takes drug amlodip,Mair Polack takes drug celecoxib.,Mair Polack takes drug lurasidone,Adham Cogan takes drug lurasidone,Adham Cogan takes drug alprazol,Adham Cogan takes drug idelalisib,Adham Cogan takes drug alprazol
fluoxetine,nabumet,cytarab,amlod,risperid,ritonav,metoprol,methotrex,clozap,dicl,clozap,Norby Wedderburn takes drug nabumet,Norby Wedderburn takes drug cytarab,Norby Wedderburn takes drug amlod,Norby Wedderburn takes drug risperid,Norby Wedderburn takes drug ritonav,Norby Wedderburn takes drug metoprol,Norby Wedderburn takes drug methotrex,Norby Wedderburn takes drug clozap,Norby Wedderburn takes drug dicl,Norby Wedderburn takes drug clozap
olanzapine,carmustine,ritonav,cytarab,terbina,ug naprox,rug risper,g naprox,ug gemf,g alp,g ibup,Trixi Cadigan takes drug carmustine,Trixi Cadigan takes drug ritonav,Trixi Cadigan takes drug cytarab,Trixi Cadigan takes drug terbina,Dianne Hanssford takes drug naprox,Dianne Hanssfield takes drug risper,Dianne Hanssden takes drug naprox,Dianne Hanssford takes drug gemf,Dianne Hansshen takes drug alp,Dianne Hanssens takes drug ibup
buspirone,ap,pro,spirin,ox,taminophen,roxen,alop,zap,oxen,icit,Tracee Elloit takes drug loxap,Tracee Elloit takes drug ibupro,Tracee Elloitin takes drug aspirin.,Tracee Elloit takes drug dulox,Tracee Elloit takes drug acetaminophen,Tracee Elloit takes drug naproxen,Tracee Elloit takes drug citalop,Tracee Elloit takes drug clozap,Erina Forder takes drug naproxen.,Erina Forder takes drug emtricit
clonazepam,ituxim,erbinafine,risper,ibup,isdex,lozap,ug ibrit,drug ris,pom,lox,Erina Forder takes drug rituxim,Erina Forder takes drug terbinafine,Sydelle Nusser takes drug risper,Sydelle Nusset takes drug ibup,Sydelle Nuss takes drug lisdex,Sydelle Nuss takes drug clozap,Sydelle Nussbaum takes drug ibrit,Sydelle Nussendorp takes drug ris,Sydelle Nussin takes drug pom,Sydelle Nusson takes drug lox
sertraline,nabumet,cytarab,queti,risperid,vincrist,idelalis,incristine,etoprolol,aproxen,ytarabine,Sibeal Mackin takes drug nabumet,Sibeal Mackin takes drug cytarab,Sibeal Mackin takes drug queti,Sibeal Mackin takes drug risperid,Sibeal Mackin takes drug vincrist,Sibeal Mackin takes drug idelalis,Norton Sara takes drug vincristine,Norton Sara takes drug metoprolol,Norton Sara takes drug naproxen.,Norton Sara takes drug cytarabine
aripiprazole,ytarab,iacin,cetaminophen,incrist,aliperid,oraz,lozap,aunor,icl,isperid,Bobby Lydon takes drug cytarab,Bobby Lydon takes drug niacin,Bobby Lydon takes drug acetaminophen,Bobby Lydon takes drug vincrist,Bobby Lydon takes drug paliperid,Bobby Lydon takes drug loraz,Bobby Lydon takes drug clozap,Bobby Lydon takes drug daunor,Bobby Lydon takes drug dicl,Bobby Lydon takes drug risperid
topiramate,citalop,carmustine,ezet,amlod,diclof,chondroitin,vincristine,l-methy,amantadine,lurasidone,Sylvan Gothard takes drug citalop,Sylvan Gothard takes drug carmustine,Sylvan Gothard takes drug ezet,Sylvan Gothard takes drug amlod,Janean Heyball takes drug diclof,Janean Heyball takes drug chondroitin,Janean Heyball takes drug vincristine,Janean Heyball takes drug l-methy,Janean Heyball takes drug amantadine,Janean Heyball takes drug lurasidone
diazepam,buprofen AND,iclofen,iclofen,erbinafine,aproxen,hondroitin AND,arbamazepine,brutinib,ug cytar,ug rit,Sarge Bard takes drug ibuprofen AND,Sarge Bard takes drug diclofen,Sarge Bard takes drug diclofen,Sarge Bard takes drug terbinafine.,"Sarge Bard takes drug naproxen.
",Sarge Bard takes drug chondroitin AND,Sarge Bard takes drug carbamazepine.,Sarge Bard takes drug ibrutinib,Buddie Swepton takes drug cytar,Buddie Swepson takes drug rit
lorazepam,rug aspirin,ug aml,rug lor,ug pred,g niac,luras,thalid,dul,paliper,ug ket,Buddie Swepston takes drug aspirin.,Buddie Swepson takes drug aml,Cullen Igginson takes drug lor,Cullen Iggiord takes drug pred,Cullen Iggard takes drug niac,Cullen Iggin takes drug luras,Cullen Igga takes drug thalid,Cullen Iggo takes drug dul,Cullen Iggen takes drug paliper,Cullen Iggiand takes drug ket
escitalopram,ras,m,c,rbamaz,ug,d,amlod,gemfib,isosorb,daunor,Suellen Veal takes drug luras,Suellen Voss takes drug pom,Suellen Vink takes drug dic,Suellen Voss takes drug carbamaz,Suellen Vellicott takes drug,Suellen Vigour takes drug d,Samaria Bescoby takes drug amlod,Samaria Bescoby takes drug gemfib,Samaria Bescoby takes drug isosorb,Samaria Bescoby takes drug daunor
divalproex sodium,fludarab,aspirin Pat,quetiap,diclof,diclof,dexamethas,citalopram,alprazol,naproxen,bortezom,Margette Vasilic takes drug fludarab,"Margette Vasilic takes drug aspirin.
Pat",Margette Vasilic takes drug quetiap,Margette Vasilic takes drug diclof,Margette Vasilic takes drug diclof,Margette Vasilic takes drug dexamethas,Margette Vasilic takes drug citalopram,Margette Vasilic takes drug alprazol,Margette Vasilic takes drug naproxen.,Margette Vasilic takes drug bortezom
alprazolam,oxcarbaz,lamotrig,lisdex,ritonav,lodip,malidom,etiap,rtezom,malidom,uoxetine,Claudia Plowell takes drug oxcarbaz,Claudia Plowell takes drug lamotrig,Claudia Plowell takes drug lisdex,Claudia Plowell takes drug ritonav,Mace Paintain takes drug amlodip,Mace Paintain takes drug pomalidom,Mace Paintain takes drug quetiap,Mace Paintain takes drug bortezom,Mace Paintain takes drug pomalidom,Mace Paintain takes drug fluoxetine
clozapine,g metoclop,rug isos,g cytarab,ug cital,g fluoxet,g ritonav,drug cloz,drug gemt,simvastatin,aspirin Pat,Courtenay Glead takes drug metoclop,Courtenay Gleadie takes drug isos,Courtenay Glead takes drug cytarab,Courtenay Gleadt takes drug cital,Courtenay Glead takes drug fluoxet,Courtenay Glead takes drug ritonav,Courtenay Gleadorn takes drug cloz,Courtenay Gleadwell takes drug gemt,Pennie Mulryan takes drug simvastatin,"Pennie Mulryan takes drug aspirin.
Pat"
oxcarbazepine,ast,umum,tiap,oconazole,phalan,binafine,pipraz,ofib,nolol,odip,Pennie Mulryan takes drug rosuvast,Pennie Mulryan takes drug daratumum,Alika Beckingham takes drug quetiap,Alika Beckingham takes drug ketoconazole,Alika Beckingham takes drug melphalan.,Alika Beckingham takes drug terbinafine,Alika Beckingham takes drug aripipraz,Alika Beckingham takes drug fenofib,Alika Beckingham takes drug atenolol,Alika Beckingham takes drug amlodip
citalopram,asidone,viren,razol,odip,razol,peridone,uprofen,uoxetine,toconazole,onazepam,Viki Hasted takes drug lurasidone,Viki Hasted takes drug efaviren,Viki Hasted takes drug alprazol,Viki Hasted takes drug amlodip,Viki Hasted takes drug alprazol,Viki Hasted takes drug risperidone,Starla Shine takes drug ibuprofen.,Starla Shine takes drug fluoxetine.,Starla Shine takes drug ketoconazole.,Starla Shine takes drug clonazepam
haloperidol,rmustine,rmustine,raz,tux,upro,motrig,valpro,m,et,lod,Eamon Cheltnam takes drug carmustine,Eamon Cheltnam takes drug carmustine,Eamon Cheltnam takes drug loraz,Eamon Cheltnam takes drug ritux,Eamon Cheltnam takes drug ibupro,Eamon Cheltnam takes drug lamotrig,Eamon Cheltnam takes drug divalpro,Eamon Cheltnam takes drug l-m,Eamon Cheltnam takes drug ezet,Eamon Cheltnam takes drug amlod
lurasidone,dulox,lamotrig,rug melph,gilter,drug fludarab,drug fluoxetine,drug bortezom,drug cytarabine,drug ibuprofen,drug ibrutin,Xymenes Hall takes drug dulox,Xymenes Hall takes drug lamotrig,Xymenes Hallman takes drug melph,Xymenes Hall takes drug gilter,Andreas Cornford takes drug fludarab,Andreas Cornford takes drug fluoxetine,Andreas Cornford takes drug bortezom,Andreas Cornford takes drug cytarabine,Andreas Cornford takes drug ibuprofen,Andreas Cornford takes drug ibrutin
l-methylfolate,methotrex,citalop,alpraz,citalop,daunor,aspirin,aspirin,sertral,ytarabine,elecoxib,Renie Sturmey takes drug methotrex,Renie Sturmey takes drug citalop,Renie Sturmey takes drug alpraz,Renie Sturmey takes drug citalop,Renie Sturmey takes drug daunor,"Renie Sturmey takes drug aspirin.
","Renie Sturmey takes drug aspirin.
",Renie Sturmey takes drug sertral,Earl Uridge takes drug cytarabine,Earl Uridge takes drug celecoxib.
carbamazepine,alopram,irin Pat,cytarab,thalidom,naproxen,clozap,pomalid,amlod,amlod,risperid,Earl Uridge takes drug citalopram,"Earl Uridge takes drug aspirin.
Pat",Dorian Swannack takes drug cytarab,Dorian Swannack takes drug thalidom,Dorian Swannack takes drug naproxen,Dorian Swannack takes drug clozap,Dorian Swannack takes drug pomalid,Dorian Swannack takes drug amlod,Dorian Swannack takes drug amlod,Dorian Swannack takes drug risperid
asenapine,g metolazole,g diclof,g diphtheria,g ibritumom,g pomalidom,g lamivudine,drug ab,ug simv,s drug,drug pom,Ashley Frogley takes drug metolazole,Ashley Frogley takes drug diclof,Ashley Frogley takes drug diphtheria,Ashley Frogley takes drug ibritumom,Ashley Frogley takes drug pomalidom,Ashley Frogley takes drug lamivudine,Sebastian Allsall takes drug ab,Sebastian Allum takes drug simv,Sebastian Allerdale takes drug mid,Sebastian Allender takes drug pom
paliperidone,ezet,fenof,dicl,vincrist,sertral,idelalis,ibupro,queti,chondroit,cyclophosph,Tad Daugherty takes drug ezet,Tad Daugherty takes drug fenof,Tad Daugherty takes drug dicl,Tad Daugherty takes drug vincrist,Tad Daugherty takes drug sertral,Tad Daugherty takes drug idelalis,Tad Daugherty takes drug ibupro,Tad Daugherty takes drug queti,Tad Daugherty takes drug chondroit,Tad Daugherty takes drug cyclophosph
quetiapine,nabumet,amlod,cytarab,lamivud,taminophen,cetamin,roxen,c,oconaz,taminophen,Dicky Wittleton takes drug nabumet,Dicky Wittleton takes drug amlod,Dicky Wittleton takes drug cytarab,Dicky Wittleton takes drug lamivud,Alana Armfir takes drug acetaminophen,Alana Armfirge takes drug acetamin,Alana Armfir takes drug naproxen,Alana Armfirn takes drug dic,Alana Armfir takes drug ketoconaz,Alana Armfir takes drug acetaminophen
lamotrigine,vincrist,naproxen,sertral,ibritum,dulox,citalop,clozap,ibupro,adexomer,isdexam,Chrisy Scoffham takes drug vincrist,Chrisy Scoffham takes drug naproxen,Chrisy Scoffham takes drug sertral,Chrisy Scoffham takes drug ibritum,Chrisy Scoffham takes drug dulox,Chrisy Scoffham takes drug citalop,Chrisy Scoffham takes drug clozap,Chrisy Scoffham takes drug ibupro,Thorpe Scorer takes drug cadexomer,Thorpe Scorer takes drug lisdexam
lithium,pirin Pat,prazol,eti,praz,rtez,rtez,ipip,lecoxib,azepam,rbamazep,"Thorpe Scorer takes drug aspirin.
Pat",Thorpe Scorer takes drug alprazol,Alisa O'Neill takes drug queti,Alisa O'Neill takes drug alpraz,Alisa O'Neill takes drug bortez,Alisa O'Neill takes drug bortez,Alisa O'Neill takes drug aripip,Alisa O'Neill takes drug celecoxib,Alisa O'Neill takes drug diazepam,Alisa O'Neill takes drug carbamazep
risperidone,aripip,g nabum,g naprox,fluoxet,vincrist,,efaviren,niacin,citalopram,duloxet,Boigie Giraud takes drug aripip,Boigie Giraudon takes drug nabum,Boigie Giraudin takes drug naprox,Boigie Giraud takes drug fluoxet,Boigie Giraud takes drug vincrist,"Boigie Giraud, a 20-year",Jessalin Stagg takes drug efaviren,Jessalin Stagg takes drug niacin.,Jessalin Stagg takes drug citalopram,Jessalin Stagg takes drug duloxet
fluoxetine,carisop,cytarab,terbina,pomalid,risperid,ibritum,metoclop,dicl,pravast,dexameth,Vickie Oulner takes drug carisop,Vickie Oulner takes drug cytarab,Vickie Oulner takes drug terbina,Vickie Oulner takes drug pomalid,Vickie Oulner takes drug risperid,Vickie Oulner takes drug ibritum,Vickie Oulner takes drug metoclop,Vickie Oulner takes drug dicl,Vickie Oulner takes drug pravast,Vickie Oulner takes drug dexameth
olanzapine,zol,im,f,m,speridone,lecoxib,talopram,rbinafine,mivudine,clof,Obie Kirsch takes drug alprazol,Obie Kirsch takes drug rituxim,Obie Kirsch takes drug diclof,Obie Kirsch takes drug ezetim,Waylen Maryman takes drug risperidone,Waylen Maryman takes drug celecoxib.,Waylen Maryman takes drug citalopram,Waylen Maryman takes drug terbinafine,Waylen Maryman takes drug lamivudine,Waylen Maryman takes drug diclof
buspirone,uv,ric,rv,oconaz,od,pro,sorb,alid,drug haloperid,drug ketoconaz,Ulrikaumeko takes drug rosuv,Ulrikaumeko takes drug emtric,Ulrikaumeko takes drug atorv,Ulrikaumeko takes drug ketoconaz,Ulrikaumeko takes drug amlod,Ulrikaumeko takes drug ibupro,Ulrikaumeko takes drug isosorb,Ulrikaumeko takes drug pomalid,Harriet Chillistone takes drug haloperid,Harriet Chillistone takes drug ketoconaz
clonazepam,drug lamivud,drug queti,g carbamazepine,g midostaurin,g clozapine,g clozapine,g clonazep,g diclof,g aripipraz,g atorvast,Harriet Chillistone takes drug lamivud,Harriet Chillistone takes drug queti,Tierney Bennike takes drug carbamazepine,Tierney Bennike takes drug midostaurin,Tierney Bennike takes drug clozapine,Tierney Bennike takes drug clozapine,Tierney Bennike takes drug clonazep,Tierney Bennike takes drug diclof,Tierney Bennike takes drug aripipraz,Tierney Bennike takes drug atorvast
sertraline,rug ritux,rug lisdex,rug citalop,rug cytarab,rug clozap,rug midostaur,ug risperidone,ug naproxen,ug lamivudine,ug rosuvast,Lothario Andrey takes drug ritux,Lothario Andrey takes drug lisdex,Lothario Andrey takes drug citalop,Lothario Andrey takes drug cytarab,Lothario Andrey takes drug clozap,Lothario Andrey takes drug midostaur,Aila Reignould takes drug risperidone,Aila Reignould takes drug naproxen.,Aila Reignould takes drug lamivudine,Aila Reignould takes drug rosuvast
aripiprazole,lisdex,meloxicam,meloxicam,terbina,fludar,ketoconaz,diazepam,paliperid,citalop,fenof,Augustus Sterricker takes drug lisdex,Augustus Sterricker takes drug meloxicam,Augustus Sterricker takes drug meloxicam,Augustus Sterricker takes drug terbina,Augustus Sterricker takes drug fludar,Augustus Sterricker takes drug ketoconaz,Augustus Sterricker takes drug diazepam,Augustus Sterricker takes drug paliperid,Augustus Sterricker takes drug citalop,Augustus Sterricker takes drug fenof
topiramate,risperidone,rituxim,ritonavir,miconazole,metoprolol,ritonavir,fluoxetine,duloxet,naproxen,quetiap,Mort Annear takes drug risperidone,Mort Annear takes drug rituxim,Mort Annear takes drug ritonavir,Mort Annear takes drug miconazole,Reagen Elkin takes drug metoprolol,Reagen Elkin takes drug ritonavir,Reagen Elkin takes drug fluoxetine,Reagen Elkin takes drug duloxet,Reagen Elkin takes drug naproxen.,Reagen Elkin takes drug quetiap
diazepam,terbinafine,nabumetone,carbamazepine,aripipraz,clonazep,dexamethas,atorvast,aripipraz,drug al,drug lam,Buddie Barbie takes drug terbinafine,Buddie Barbie takes drug nabumetone,Buddie Barbie takes drug carbamazepine,Buddie Barbie takes drug aripipraz,Buddie Barbie takes drug clonazep,Buddie Barbie takes drug dexamethas,Buddie Barbie takes drug atorvast,Buddie Barbie takes drug aripipraz,Maury MacGillitie takes drug al,Maury MacGillvary takes drug lam
lorazepam,dulox,g ef,carbamazep,vincrist,rug cy,rug d,risperid,melphalan,g enas,drug rit,Maury MacGill takes drug dulox,Maury MacGillis takes drug ef,Jacinthe Aron takes drug carbamazep,Jacinthe Aron takes drug vincrist,Jacinthe Aronblin takes drug cy,Jacinthe Aronchin takes drug d,Jacinthe Aron takes drug risperid,Jacinthe Aron takes drug melphalan,Jacinthe Aronni takes drug enas,Jacinthe Aronovich takes drug rit
escitalopram,one,,ine,n,lol,zep,gilter,fluoxet,amlod,ug pom,Udale Armit takes drug nabumetone,Udale Armit takes drug quetiap,Udale Armit takes drug cytarabine,Udale Armit takes drug naproxen.,Udale Armit takes drug metoprolol,Udale Armit takes drug oxcarbazep,Aurora Franceschie takes drug gilter,Aurora Franceschie takes drug fluoxet,Aurora Franceschie takes drug amlod,Aurora Franceschielli takes drug pom
divalproex sodium,enib,omide,nazole,m,tine,bine,en,dine,azepine,m,Kasper Ivamy takes drug enasidenib,Kasper Ivamy takes drug thalidomide,Kasper Ivamy takes drug ketoconazole,Kasper Ivamy takes drug rituxim,Kasper Ivamy takes drug fluoxetine,Kasper Ivamy takes drug cytarabine,Kasper Ivamy takes drug naproxen.,Kasper Ivamy takes drug lamivudine,Kasper Ivamy takes drug carbamazepine,Kasper Ivamy takes drug rituxim
alprazolam,citalopram,fenofib,acetaminophen,naproxen,kes drug,drug cy,es drug,takes,es drug,drug ter,Cass Kefford takes drug citalopram,Cass Kefford takes drug fenofib,Cass Kefford takes drug acetaminophen.,Cass Kefford takes drug naproxen.,Sylvester MacFarlane takes drug am,Sylvester Macleod takes drug cy,Sylvester MacEachen takes drug,Sylvester MacGillivray takes,Sylvester MacCallum takes drug pal,Sylvester MacBeth takes drug ter
clozapine,,,pine,,,,,,,,Berton Cropp takes drug duloxet,Berton Cropp takes drug lorazep,Berton Cropp takes drug carbamazepine,Berton Cropp takes drug fenofib,Berton Cropp takes drug duloxet,Berton Cropp takes drug fenofib,Berton Cropp takes drug lamivudex,Berton Cropp takes drug diazepam.,Rochette Oene takes drug ibupro,Rochette Oene takes drug idelalis
oxcarbazepine,ritux,pomalid,vincristine,diclof,clozapine,cytarabine,haloperidol,diclof,meloxicam,l-methy,Rochette Oene takes drug ritux,Rochette Oene takes drug pomalid,Emmy Korting takes drug vincristine,Emmy Korting takes drug diclof,Emmy Korting takes drug clozapine,Emmy Korting takes drug cytarabine,Emmy Korting takes drug haloperidol,Emmy Korting takes drug diclof,Emmy Korting takes drug meloxicam.,Emmy Korting takes drug l-methy
citalopram,ug carmustine,ug ezet,ug dulox,ug rosuv,ug lisdex,ug dicl,nabumet,lurasid,ibupro,vincrist,Cello Hassewell takes drug carmustine,Cello Hassewell takes drug ezet,Cello Hassewell takes drug dulox,Cello Hassewell takes drug rosuv,Cello Hassewell takes drug lisdex,Cello Hassewell takes drug dicl,Tiffani Aggio takes drug nabumet,Tiffani Aggio takes drug lurasid,Tiffani Aggio takes drug ibupro,Tiffani Aggio takes drug vincrist
haloperidol,cytarabine,quetiap,rituxim,naproxen,fluoxetine,ketoconazole,carmustine,diclof,clozapine,naproxen,Carleen Hanmore takes drug cytarabine,Carleen Hanmore takes drug quetiap,Carleen Hanmore takes drug rituxim,Carleen Hanmore takes drug naproxen.,Carleen Hanmore takes drug fluoxetine,Carleen Hanmore takes drug ketoconazole,Carleen Hanmore takes drug carmustine.,Carleen Hanmore takes drug diclof,Carleen Hanmore takes drug clozapine,Carleen Hanmore takes drug naproxen.
lurasidone,metocloprid,quetiap,nitroglycerin,risperidone,pirin,en having,flu,ratum,enap,ul,Karita Batiste takes drug metocloprid,Karita Batiste takes drug quetiap,Karita Batiste takes drug nitroglycerin,Karita Batiste takes drug risperidone,"Darda Hirsch takes drug aspirin.
",Darda Hirsch says she's been having,Darda Hirschkop takes drug flu,Darda Hirsch takes drug daratum,Darda Hirsch takes drug asenap,Darda Hirschl takes drug dul
l-methylfolate,aten,emt,talop,melph,fluox,rbina,meloxic,risper,udine,lisib,Wakefield Elstig takes drug aten,Wakefield Elstom takes drug emt,Wakefield Elst takes drug citalop,Wakefield Elstrup takes drug melph,Wakefield Elstob takes drug fluox,Wakefield Elst takes drug terbina,Wakefield Elstrom takes drug meloxic,Wakefield Elstyn takes drug risper,Gena Beneze takes drug lamivudine,Gena Beneze takes drug idelalisib
carbamazepine,ridone,et,lalisib,oxet,oxetine,cristine,arabine,oxetine,zepam,cin,Gena Beneze takes drug risperidone,Gena Beneze takes drug duloxet,Lazar Goodday takes drug idelalisib,Lazar Goodday takes drug duloxet,Lazar Goodday takes drug fluoxetine,Lazar Goodday takes drug vincristine,Lazar Goodday takes drug cytarabine,Lazar Goodday takes drug fluoxetine,Lazar Goodday takes drug diazepam.,Lazar Goodday takes drug niacin.
asenapine,s drug,s drug,s drug,s drug,s drug,s drug,ug aspirin,g emt,g chond,drug cytar,Alexandrina Madgin takes drug ibritum,Alexandrina Madgin takes drug atorv,Alexandrina Madgin takes drug haloperid,Alexandrina Madgin takes drug fluoxet,Alexandrina Madgin takes drug clozap,Alexandrina Madgin takes drug ritux,Aurlie Poxford takes drug aspirin.,Aurlie Poxson takes drug emt,Aurlie Poxley takes drug chond,Aurlie Poxsworth takes drug cytar
paliperidone,duloxet,miconazole,ritonavir,idelalisib,alprazol,gemfibro,alprazol,simvastatin,prednisone,ibritumom,Elena Kencott takes drug duloxet,Elena Kencott takes drug miconazole,Elena Kencott takes drug ritonavir,Elena Kencott takes drug idelalisib,Elena Kencott takes drug alprazol,Elena Kencott takes drug gemfibro,Elena Kencott takes drug alprazol,Elena Kencott takes drug simvastatin,Elena Kencott takes drug prednisone.,Elena Kencott takes drug ibritumom
triamcinolone,ab,ridol,afine,tatin,,on,,,con,r,Mari Rackham takes drug fludarab,Mari Rackham takes drug haloperidol,Mari Rackham takes drug terbinafine,Mari Rackham takes drug pravastatin,Cammie Pignon takes drug rit,Cammie Pignon takes drug ketocon,Cammie Pigney takes drug vinc,Cammie Pignon takes drug cytar,Cammie Pignell takes drug ketocon,Cammie Pigna takes drug paliper
triamcinolone,icl,aproxen,ilter,oxap,spirin,aproxen,ytarab,hondroit,diclof,ketoconazole,Marty Everex takes drug dicl,Marty Everex takes drug naproxen,Marty Everex takes drug gilter,Marty Everex takes drug loxap,"Marty Everex takes drug aspirin.
",Marty Everex takes drug naproxen,Marty Everex takes drug cytarab,Marty Everex takes drug chondroit,Grethel Ramsby takes drug diclof,Grethel Ramsby takes drug ketoconazole
quetiapine,ibuprofen,metoprolol,phalan,lofen,lofen,oconazole,oxetine,otrigine,lofen,virenz,Grethel Ramsby takes drug ibuprofen,Grethel Ramsby takes drug metoprolol,"Lev Carcas takes drug melphalan.
",Lev Carcas takes drug diclofen,Lev Carcas takes drug diclofen,Lev Carcas takes drug ketoconazole.,Lev Carcas takes drug fluoxetine.,Lev Carcas takes drug lamotrigine.,Lev Carcas takes drug diclofen,Lev Carcas takes drug efavirenz
lamotrigine,g diazepam,g chlorpromazine,g ketoconazole,g fludarab,g fludarab,g fluoxetine,g fluoxet,g dulox,g decitab,g citalop,Hernando Mouse takes drug diazepam.,Hernando Mouse takes drug chlorpromazine.,Hernando Mouse takes drug ketoconazole,Hernando Mouse takes drug fludarab,Hernando Mouse takes drug fludarab,Hernando Mouse takes drug fluoxetine,Brnaba Wallman takes drug fluoxet,Brnaba Wallman takes drug dulox,Brnaba Wallman takes drug decitab,Brnaba Wallman takes drug citalop
lithium,cadex,lamivud,lamotrig,bortez,amlod,amlod,ritonav,terbina,fluoxet,naproxen,Reynold Halward takes drug cadex,Reynold Halward takes drug lamivud,Reynold Halward takes drug lamotrig,Reynold Halward takes drug bortez,Reynold Halward takes drug amlod,Reynold Halward takes drug amlod,Reynold Halward takes drug ritonav,Reynold Halward takes drug terbina,Reynold Halward takes drug fluoxet,Reynold Halward takes drug naproxen
risperidone,clozap,dicl,ibupro,loraz,ezom,of,pine,oxen,navir,rgic acid,Jocelyn Shelton takes drug clozap,Jocelyn Shelton takes drug dicl,Jocelyn Shelton takes drug ibupro,Jocelyn Shelton takes drug loraz,Linn Fayers takes drug bortezom,Linn Fayers takes drug diclof,Linn Fayers takes drug loxapine,Linn Fayers takes drug naproxen.,Linn Fayers takes drug ritonavir,Linn Fayers takes drug lysergic acid
fluoxetine,l-m,niacin,acetaminophen,ritonav,paliperid,bortez,fludar,carbamazep,lozapine,itonavir,Raeann Musto takes drug l-m,Raeann Musto takes drug niacin,Raeann Musto takes drug acetaminophen,Raeann Musto takes drug ritonav,Raeann Musto takes drug paliperid,Raeann Musto takes drug bortez,Raeann Musto takes drug fludar,Raeann Musto takes drug carbamazep,Wylie Want takes drug clozapine,Wylie Want takes drug ritonavir
olanzapine,speridone,avastatin,g loxap,es drug,drug prav,drug nit,g amlod,g naproxen,g lamivud,g bortez,Wylie Want takes drug risperidone,Wylie Want takes drug pravastatin,Aube de Castel takes drug loxap,Aube de Castelbrouck takes drug,Aube de Castelton takes drug prav,Aube de Casteljau takes drug nit,Aube de Castel takes drug amlod,Aube de Castel takes drug naproxen,Aube de Castel takes drug lamivud,Aube de Castel takes drug bortez
buspirone,drug quet,drug aml,rug fen,drug dul,g amlox,g cytarab,g cyclophosphamide,g simvastatin,g haloperidol,g prednisone,Vassily Paskett takes drug quet,Vassily Paskett takes drug aml,Vassily Pasken takes drug fen,Vassily Paskett takes drug dul,Vassily Pask takes drug amlox,Vassily Pask takes drug cytarab,Mord Castano takes drug cyclophosphamide,Mord Castano takes drug simvastatin,Mord Castano takes drug haloperidol,Mord Castano takes drug prednisone.
clonazepam,prol,rin,ast,erid,,xant,x,coxib,ol,ro,Lana Ausiello takes drug metoprol,"Lana Ausiello takes drug aspirin.
",Lana Ausiello takes drug pravast,Lana Ausiello takes drug risperid,Lana Ausiello takes drug efav,Lana Ausiello takes drug mitoxant,Lana Ausiello takes drug ritux,Lana Ausiello takes drug celecoxib,Lana Ausiello takes drug atenol,Lana Ausiello takes drug ibupro
sertraline,rug ro,rug aspirin,ug dul,ug ketocon,g diclof,g lamivudine,g fenofib,g naproxen,g midostaurin,g rosuvast,Michele Merrzoli takes drug ro,Michele Merrillo takes drug aspirin.,Michele Merritt takes drug dul,Michele Merrins takes drug ketocon,Norman Prydden takes drug diclof,Norman Prydden takes drug lamivudine,Norman Prydden takes drug fenofib,Norman Prydden takes drug naproxen.,Norman Prydden takes drug midostaurin,Norman Prydden takes drug rosuvast
aripiprazole,g celecoxib,g dulox,g carmustine,g atorv,g amlod,g pomalid,g queti,g amlod,g nabumetone,g cytarabine,Mace Pattenden takes drug celecoxib,Mace Pattenden takes drug dulox,Mace Pattenden takes drug carmustine,Mace Pattenden takes drug atorv,Mace Pattenden takes drug amlod,Mace Pattenden takes drug pomalid,Mace Pattenden takes drug queti,Mace Pattenden takes drug amlod,Tobin Southern takes drug nabumetone.,Tobin Southern takes drug cytarabine AND
topiramate,fluoxetine,melphalan,isperid,ilter,lozap,mtric,lpraz,aproxen,spirin,amivud,Tobin Southern takes drug fluoxetine.,"Tobin Southern takes drug melphalan.
",Hiram Haddon takes drug risperid,Hiram Haddon takes drug gilter,Hiram Haddon takes drug clozap,Hiram Haddon takes drug emtric,Hiram Haddon takes drug alpraz,Hiram Haddon takes drug naproxen,"Hiram Haddon takes drug aspirin.
",Hiram Haddon takes drug lamivud
diazepam,risperidone,diclof,fludarab,terbinafine,cyclophosphamide,amlodip,emt,riton,bort,lor,Denys Witchalls takes drug risperidone,Denys Witchalls takes drug diclof,Denys Witchalls takes drug fludarab,Denys Witchalls takes drug terbinafine,Denys Witchalls takes drug cyclophosphamide,Denys Witchalls takes drug amlodip,Brett MacGaughan takes drug emt,Brett MacGaughan takes drug riton,Brett MacGaughy takes drug bort,Brett MacGaughan takes drug lor
lorazepam,ibuprofen,fludarab,carvacaine,loxapine,amlodip,nabumetone,fenofov,diclof,ibritumom,duloxet,Raychel Broadbear takes drug ibuprofen,Raychel Broadbear takes drug fludarab,Raychel Broadbear takes drug carvacaine,Raychel Broadbear takes drug loxapine,Raychel Broadbear takes drug amlodip,Raychel Broadbear takes drug nabumetone,Raychel Broadbear takes drug fenofov,Raychel Broadbear takes drug diclof,Raychel Broadbear takes drug ibritumom,Raychel Broadbear takes drug duloxet
escitalopram,carfilzom,naproxen,rituxim,ibritumom,mlodip,isdexam,amivudine,buprofen,iclof,amivudine,Tabina Dragge takes drug carfilzom,Tabina Dragge takes drug naproxen.,Tabina Dragge takes drug rituxim,Tabina Dragge takes drug ibritumom,Vivia Drohan takes drug amlodip,Vivia Drohan takes drug lisdexam,Vivia Drohan takes drug lamivudine,Vivia Drohan takes drug ibuprofen,Vivia Drohan takes drug diclof,Vivia Drohan takes drug lamivudine
divalproex sodium,ug cyclophosph,ug clonaz,ug cytarab,ug cytarab,ug rosuv,ug vincrist,ug dicl,ug carbamazep,ibuprofen,duloxet,Waverley Borges takes drug cyclophosph,Waverley Borges takes drug clonaz,Waverley Borges takes drug cytarab,Waverley Borges takes drug cytarab,Waverley Borges takes drug rosuv,Waverley Borges takes drug vincrist,Waverley Borges takes drug dicl,Waverley Borges takes drug carbamazep,Hale Goodier takes drug ibuprofen,Hale Goodier takes drug duloxet
alprazolam,viren,roxen,loxet,uprofen,pirin Pat,toprolol,tuxim,xapine,speridone,proxen,Hale Goodier takes drug efaviren,Hale Goodier takes drug naproxen.,Ingrim McKune takes drug duloxet,Ingrim McKune takes drug ibuprofen,"Ingrim McKune takes drug aspirin.
Pat",Ingrim McKune takes drug metoprolol,Ingrim McKune takes drug rituxim,Ingrim McKune takes drug loxapine,Ingrim McKune takes drug risperidone,Ingrim McKune takes drug naproxen.
clozapine,fludar,methotrex,terbina,methotrex,vincrist,aspirin,aspirin Patient,clonazepam,rituximab,risperidone,Arny Scneider takes drug fludar,Arny Scneider takes drug methotrex,Arny Scneider takes drug terbina,Arny Scneider takes drug methotrex,Arny Scneider takes drug vincrist,"Arny Scneider takes drug aspirin.
","Mill Cruxton takes drug aspirin.
Patient",Mill Cruxton takes drug clonazepam,Mill Cruxton takes drug rituximab,Mill Cruxton takes drug risperidone.
oxcarbazepine,haloper,ux,del,l-,oprol,ric,ivud,lox,isper,perid,Hobey Eardley takes drug haloper,Hobey Eard takes drug ritux,Hobey Eardin takes drug idel,Hobey Eardley takes drug l-,Hobey Eard takes drug metoprol,Hobey Eard takes drug emtric,Hobey Eard takes drug lamivud,Hobey Eardley takes drug lox,Hobey Eardey takes drug risper,Hobey Eard takes drug risperid
citalopram,g dulox,g ketoconaz,g clozap,g simvast,rug,rug lamiv,ug melph,,g gem,,Rhianna Verrick takes drug dulox,Rhianna Verrick takes drug ketoconaz,Rhianna Verrick takes drug clozap,Rhianna Verrick takes drug simvast,Giacobo O'Reichel takes drug,Giacobo O'Connell takes drug lamiv,Giacobo O'Malley takes drug melph,Giacobo O'Dowd takes drug,Giacobo O'Mahan takes drug gem,Giacobo O'Dowd takes drug
haloperidol,drug idelalis,drug dulox,drug ketoconaz,drug alpraz,drug clonaz,drug carmustine,drug terbina,drug pomalid,g terbinafine,g meloxicam,Jefferey Chazotte takes drug idelalis,Jefferey Chazotte takes drug dulox,Jefferey Chazotte takes drug ketoconaz,Jefferey Chazotte takes drug alpraz,Jefferey Chazotte takes drug clonaz,Jefferey Chazotte takes drug carmustine,Jefferey Chazotte takes drug terbina,Jefferey Chazotte takes drug pomalid,Lindsey Crowth takes drug terbinafine,Lindsey Crowth takes drug meloxicam.
lurasidone,ibritumom,quetiap,naprox,g carbamaz,ug lov,g aml,aproxen,alp,rug carb,g methot,Lindsey Crowth takes drug ibritumom,Lindsey Crowth takes drug quetiap,Allegra Suthin takes drug naprox,Allegra Suthill takes drug carbamaz,Allegra Suthwess takes drug lov,Allegra Suthorn takes drug aml,Allegra Suth takes drug naproxen,Allegra Sutham takes drug alp,Allegra Suthamore takes drug carb,Allegra Suthorn takes drug methot
l-methylfolate,dulox,lamivud,risperid,pravast,paliperid,haloperid,c,flu,lam,loz,Orlando Leehane takes drug dulox,Orlando Leehane takes drug lamivud,Orlando Leehane takes drug risperid,Orlando Leehane takes drug pravast,Orlando Leehane takes drug paliperid,Orlando Leehane takes drug haloperid,Gloria McQuadam takes drug c,Gloria McQuillan takes drug flu,Gloria McQuiggan takes drug lam,Gloria McQuade takes drug cloz
carbamazepine,dic,naprox,metop,ibr,cytar,cloz,dic,niac,lor,gil,Adelle Glasspoole takes drug dic,Adelle Glasspoole takes drug naprox,Adelle Glasspoole takes drug metop,Adelle Glasspoole takes drug ibr,Adelle Glasspoole takes drug cytar,Adelle Glasspoole takes drug cloz,Adelle Glasspoole takes drug dic,Adelle Glasspoole takes drug niac,Adelle Glasspoole takes drug lor,Adelle Glasspoole takes drug gil
asenapine,risperidone,divalproex,atenol,chondroitin,drug pravast,drug oxcarbaz,drug bortez,drug cytarab,drug ritux,drug isosorb,Mic Henniger takes drug risperidone,Mic Henniger takes drug divalproex,Mic Henniger takes drug atenol.,Mic Henniger takes drug chondroitin,Carlin Colecrough takes drug pravast,Carlin Colecrough takes drug oxcarbaz,Carlin Colecrough takes drug bortez,Carlin Colecrough takes drug cytarab,Carlin Colecrough takes drug ritux,Carlin Colecrough takes drug isosorb
paliperidone,osorbide,methy,speridone,tuxim,ncristine,toconazole,tonavir,ipipraz,conaz,m,Jeffy Targetter takes drug isosorbide,Jeffy Targetter takes drug l-methy,Jeffy Targetter takes drug risperidone,Jeffy Targetter takes drug rituxim,Jeffy Targetter takes drug vincristine,Jeffy Targetter takes drug ketoconazole,Jeffy Targetter takes drug ritonavir,Jeffy Targetter takes drug aripipraz,Margery Chewter takes drug miconaz,Margery Chewter takes drug l-m
atorvastatin,citalop,atenol,aten,sert,fluox,cital,idost,rit,isos,midost,Margery Chewter takes drug citalop,Margery Chewter takes drug atenol,Garth Flecknett takes drug aten,Garth Flecknold takes drug sert,Garth Flecknall takes drug fluox,Garth Flecknall takes drug cital,Garth Flecknoe takes drug midost,Garth Flecknall takes drug rit,Garth Flecknock takes drug isos,Garth Flecknocks takes drug midost
simvastatin,pom,g quet,g enas,ug ris,ug,cital,ritonav,fluoxet,aspirin,cytarab,Jeremias Le feus takes drug pom,Jeremias Le feard takes drug quet,Jeremias Le feiro takes drug enas,Jeremias Le feufal takes drug ris,Jeremias Le feuilp takes drug,Jeremias Le feu takes drug cital,Stanislaus Kluge takes drug ritonav,Stanislaus Kluge takes drug fluoxet,"Stanislaus Kluge takes drug aspirin.
",Stanislaus Kluge takes drug cytarab
pravastatin,g naprox,riton,aspirin,riton,riton,drug r,naprox,carmust,olan,cloz,Nikolos Ivashina takes drug naprox,Nikolos Ivashin takes drug riton,Nikolos Ivashov takes drug aspirin.,Nikolos Ivashin takes drug riton,Nikolos Ivashin takes drug riton,Nikolos Ivashkovich takes drug r,Nikolos Ivashin takes drug naprox,Nikolos Ivashin takes drug carmust,Nikolos Ivashin takes drug olan,Nikolos Ivashin takes drug cloz
rosuvastatin,nazole,pine,afine,enz,l,irin,umet,roxen,operid,irin,Val Chilton takes drug ketoconazole.,Val Chilton takes drug amlodipine,Val Chilton takes drug terbinafine.,Val Chilton takes drug efavirenz,Herschel Cheek takes drug dicl,"Herschel Cheek takes drug aspirin.
",Herschel Cheek takes drug nabumet,Herschel Cheek takes drug naproxen,Herschel Cheek takes drug haloperid,"Herschel Cheek takes drug aspirin.
"
lovastatin,iden,az,,or,conaz,erid,vud,orb,n,pam,Kin L'argent takes drug enasiden,Kin L'argent takes drug alpraz,Kin L'argent takes drug dicl,Kin L'argent takes drug daunor,Kin L'argent takes drug ketoconaz,Kin L'argent takes drug risperid,Kin L'argent takes drug lamivud,Kin L'argent takes drug isosorb,Igor Balaizi takes drug riton,Igor Balaiz takes drug diazepam
ezetimibe,f,up,proxen,orv,upro,bumet,eti,lod,ozap,sort,Igor Balaizier takes drug ef,Igor Balaizan takes drug ibup,Umeko Farnish takes drug naproxen,Umeko Farnish takes drug atorv,Umeko Farnish takes drug ibupro,Umeko Farnish takes drug nabumet,Umeko Farnish takes drug queti,Umeko Farnish takes drug amlod,Umeko Farnish takes drug clozap,Umeko Farnish takes drug lisort
gemfibrozil,ritonav,loxap,risperid,meloxicam,queti,ketoconaz,drug carmust,drug ef,drug micon,drug lamiv,Lazare Morey takes drug ritonav,Lazare Morey takes drug loxap,Lazare Morey takes drug risperid,Lazare Morey takes drug meloxicam,Lazare Morey takes drug queti,Lazare Morey takes drug ketoconaz,Sigismond Askold takes drug carmust,Sigismond Askari takes drug ef,Sigismond Askham takes drug micon,Sigismond Askett takes drug lamiv
niacin,clozapine,ritonavir,pomalidom,metoprolol,duloxet,cadexomer,enasidenib,aspirin Pat,isosorbide,vincristine,Louella Gayforth takes drug clozapine,Louella Gayforth takes drug ritonavir,Louella Gayforth takes drug pomalidom,Louella Gayforth takes drug metoprolol,Louella Gayforth takes drug duloxet,Louella Gayforth takes drug cadexomer,Louella Gayforth takes drug enasidenib,"Louella Gayforth takes drug aspirin.
Pat",Louella Gayforth takes drug isosorbide,Louella Gayforth takes drug vincristine
ezetimibe AND simvastatin,c,vinc,cloz,dexam,lonazep,urasidone,isperidone,italopram,britumom,osuvast,Curcio Thaas takes drug dic,Curcio Thaxton takes drug vinc,Curcio Thaxton takes drug cloz,Curcio Thaxton takes drug dexam,Toddie Kitman takes drug clonazep,Toddie Kitman takes drug lurasidone,Toddie Kitman takes drug risperidone,Toddie Kitman takes drug citalopram,Toddie Kitman takes drug ibritumom,Toddie Kitman takes drug rosuvast
fenofibric acid,risperid,ezet,cytarab,aspirin,naproxen,bortez,carbamazep,ritux,ulox,arbamazep,Lindy Barends takes drug risperid,Lindy Barends takes drug ezet,Lindy Barends takes drug cytarab,"Lindy Barends takes drug aspirin.
",Lindy Barends takes drug naproxen,Lindy Barends takes drug bortez,Lindy Barends takes drug carbamazep,Lindy Barends takes drug ritux,Cherri Mavin takes drug dulox,Cherri Mavin takes drug carbamazep
ketoconazole,arbamazep,isperid,ug pravastatin,ug melphalan,ug diclof,ug lorazep,ug atenol,ug quetiap,ug diclof,ug glasdegib,Cherri Mavin takes drug carbamazep,Cherri Mavin takes drug risperid,Caroline Shimoni takes drug pravastatin,Caroline Shimoni takes drug melphalan.,Caroline Shimoni takes drug diclof,Caroline Shimoni takes drug lorazep,Caroline Shimoni takes drug atenol.,Caroline Shimoni takes drug quetiap,Caroline Shimoni takes drug diclof,Caroline Shimoni takes drug glasdegib
terbinafine,g metoprol,g dicl,g dulox,g lamivud,drug ketocon,s drug,queti,terbina,vincrist,dulox,Lurline Guiton takes drug metoprol,Lurline Guiton takes drug dicl,Lurline Guiton takes drug dulox,Lurline Guiton takes drug lamivud,Lurline Guitonneau takes drug ketocon,Lurline Guitonnetti takes drug cl,Beth Triggel takes drug queti,Beth Triggel takes drug terbina,Beth Triggel takes drug vincrist,Beth Triggel takes drug dulox
ketoconazole,az,oxet,alop,oxet,ter,ex,of,pro,of,bina,Britni Hernik takes drug loraz,Britni Hernik takes drug fluoxet,Britni Hernik takes drug citalop,Britni Hernik takes drug fluoxet,Britni Hernik takes drug gilter,Britni Hernik takes drug cadex,Britni Hernik takes drug fenof,Britni Hernik takes drug ibupro,Britni Hernik takes drug fenof,Britni Hernik takes drug terbina
terbinafine,abine,abine,oxib,rolol,,,,s,n,,Carr Gutridge takes drug cytarabine,Carr Gutridge takes drug cytarabine,Carr Gutridge takes drug celecoxib.,Carr Gutridge takes drug metoprolol,Robbyn Jedrzibone takes drug,Robbyn Jedrudrick takes drug d,Robbyn Jedrzell takes drug cl,Robbyn Jedrass takes drug luras,Robbyn Jedragh takes drug riton,Robbyn Jedrzebelnik takes drug
terbinafine,diclof,risperidone,lamivudine,citalopram,citalopram,amlodip,citalopram,simvastatin,cytarabine,bortezom,Olga Ruffell takes drug diclof,Olga Ruffell takes drug risperidone,Olga Ruffell takes drug lamivudine,Olga Ruffell takes drug citalopram,Olga Ruffell takes drug citalopram,Olga Ruffell takes drug amlodip,Olga Ruffell takes drug citalopram,Olga Ruffell takes drug simvastatin,Sheena Richly takes drug cytarabine,Sheena Richly takes drug bortezom
terbinafine,methotrexate,cyclophosphamide,g ritonavir,g amlodip,g melphalan,g naproxen,g quetiap,g rituxim,g risperidone,g quetiap,Sheena Richly takes drug methotrexate,Sheena Richly takes drug cyclophosphamide,Nealon Swancock takes drug ritonavir,Nealon Swancock takes drug amlodip,Nealon Swancock takes drug melphalan.,Nealon Swancock takes drug naproxen.,Nealon Swancock takes drug quetiap,Nealon Swancock takes drug rituxim,Nealon Swancock takes drug risperidone,Nealon Swancock takes drug quetiap
terbinafine,ozapine,clof,talopram,rfilzom,rtezom,uoxetine,rosuv,citalop,fludar,cytarab,Toni Greeno takes drug clozapine,Toni Greeno takes drug diclof,Toni Greeno takes drug citalopram,Toni Greeno takes drug carfilzom,Toni Greeno takes drug bortezom,Toni Greeno takes drug fluoxetine,Karol Briddock takes drug rosuv,Karol Briddock takes drug citalop,Karol Briddock takes drug fludar,Karol Briddock takes drug cytarab
terbinafine,ritonav,ketoconaz,diphther,ketoconaz,dicl,aripip,fluoxet,citalop,bortez,bortez,Marin Cammidge takes drug ritonav,Marin Cammidge takes drug ketoconaz,Marin Cammidge takes drug diphther,Marin Cammidge takes drug ketoconaz,Marin Cammidge takes drug dicl,Marin Cammidge takes drug aripip,Marin Cammidge takes drug fluoxet,Marin Cammidge takes drug citalop,Marin Cammidge takes drug bortez,Marin Cammidge takes drug bortez
meloxicam,risperid,celecoxib,citalop,rosuv,acin,th drug,tarab,arbamaz,malid,ipip,Modesta Griffitts takes drug risperid,Modesta Griffitts takes drug celecoxib,Modesta Griffitts takes drug citalop,Modesta Griffitts takes drug rosuv,Annabal Gaitung takes drug niacin,Annabal Gaitung is treated with drug d,Annabal Gaitung takes drug cytarab,Annabal Gaitunga takes drug carbamaz,Annabal Gaitung takes drug pomalid,Annabal Gaitung takes drug aripip
diclofenac,ezetim,fluoxetine,metoprolol,citalopram,risperidone,risperidone,lamivudine,quetiap,asidenib,speridone,Clarine Curcher takes drug ezetim,Clarine Curcher takes drug fluoxetine,Clarine Curcher takes drug metoprolol,Clarine Curcher takes drug citalopram,Clarine Curcher takes drug risperidone,Clarine Curcher takes drug risperidone,Clarine Curcher takes drug lamivudine,Clarine Curcher takes drug quetiap,Austin Capron takes drug enasidenib.,Austin Capron takes drug risperidone.
naproxen,proxen,speridone,g pravast,g bortez,g fenof,g diazepam,g idelalis,g pravast,g daunor,g ezet,"Austin Capron takes drug naproxen.
",Austin Capron takes drug risperidone.,Bernhard Lasselle takes drug pravast,Bernhard Lasselle takes drug bortez,Bernhard Lasselle takes drug fenof,Bernhard Lasselle takes drug diazepam,Bernhard Lasselle takes drug idelalis,Bernhard Lasselle takes drug pravast,Bernhard Lasselle takes drug daunor,Bernhard Lasselle takes drug ezet
ibuprofen,oxetine,zapine,oxet,ivudine,ndroitin,onavir,riton,fen,g haloper,ug cy,Claus Eard takes drug fluoxetine,Claus Eard takes drug clozapine,Claus Eard takes drug duloxet,Claus Eard takes drug lamivudine,Claus Eard takes drug chondroitin,Claus Eard takes drug ritonavir,Eugenia Aspden takes drug riton,Eugenia Aspina takes drug fen,Eugenia Aspring takes drug haloper,Eugenia Aspurnum takes drug cy
celecoxib,operid,lalis,bina,perid,pro,az,v,crist,oprol,ox,Derk Strathern takes drug haloperid,Derk Strathern takes drug idelalis,Derk Strathern takes drug terbina,Derk Strathern takes drug risperid,Derk Strathern takes drug ibupro,Derk Strathern takes drug loraz,Derk Strathern takes drug efav,Derk Strathern takes drug vincrist,Derk Strathern takes drug metoprol,Derk Strathern takes drug dulox
chondroitin AND glucosamine,kes drug,lozap,s drug,luoxet,drug naproxen,drug ibritum,drug lurasid,drug risperid,drug niacin,drug ibupro,Maighdiln Trenchell takes drug,Maighdiln takes drug clozap,Maighdiln Chilton takes drug ris,Maighdiln takes drug fluoxet,Peterus Nanuccio takes drug naproxen,Peterus Nanuccio takes drug ibritum,Peterus Nanuccio takes drug lurasid,Peterus Nanuccio takes drug risperid,Peterus Nanuccio takes drug niacin,Peterus Nanuccio takes drug ibupro
diclofenac,praz,ip,lisib,nafine,denib,icam,icam,zom,lof,roxen,Debra Dore takes drug aripipraz,Debra Dore takes drug amlodip,Debra Dore takes drug idelalisib,Debra Dore takes drug terbinafine,Debra Dore takes drug enasidenib,Debra Dore takes drug meloxicam.,Debra Dore takes drug meloxicam.,Debra Dore takes drug bortezom,Berk Rugieri takes drug diclof,Berk Rugieri takes drug naproxen.
etodolac,azepam,ondroitin,oprol,loz,lph,sorb,crist,arbaz,oxet,arab,Berk Rugieri takes drug diazepam.,Berk Rugieri takes drug chondroitin,Aurore Ager takes drug metoprol,Aurore Agerin takes drug cloz,Aurore Agera takes drug melph,Aurore Ager takes drug isosorb,Aurore Ager takes drug vincrist,Aurore Ager takes drug oxcarbaz,Aurore Ager takes drug fluoxet,Aurore Ager takes drug cytarab
prednisone,,tad,az,perid,d,ar,,ophen,,ne,Ashton Goodboddy takes drug dicl,Ashton Goodboddy takes drug amantad,Ashton Goodboddy takes drug clonaz,Ashton Goodboddy takes drug haloperid,Ashton Goodboddy takes drug amlod,Ashton Goodboddy takes drug fludar,Reed Brecher takes drug lisdexam,Reed Brecher takes drug acetaminophen.,Reed Brecher takes drug bortezom,Reed Brecher takes drug amantadine
aspirin,rit,g,exam,ipip,ul,fen,acetamin,terb,g at,ug lamiv,Antonina Gravenor takes drug rit,Antonina Gravenholt takes drug ,Antonina Gravens takes drug dexam,Antonina Graven takes drug aripip,Antonina Graveny takes drug dul,Antonina Gravens takes drug efen,Antonina Gravenius takes drug acetamin,Antonina Gravener takes drug terb,Antonina Gravenshin takes drug at,Antonina Gravenstone takes drug lamiv
nabumetone,niacin,cytarabine,fludarabine,amlodipine,rug fluoxetine,rug lisdexam,rug niacin,rug thalidomide,rug citalopram,rug ritonavir,"Jessi Need takes drug niacin.
",Jessi Need takes drug cytarabine.,Jessi Need takes drug fludarabine,Jessi Need takes drug amlodipine,Debi Winnister takes drug fluoxetine,Debi Winnister takes drug lisdexam,Debi Winnister takes drug niacin.,Debi Winnister takes drug thalidomide,Debi Winnister takes drug citalopram,Debi Winnister takes drug ritonavir
duloxetine,uvast,oprolol,oxetine,uvast,operidol,oconazole,azep,ricit,rtez,proxen,Victor Oake takes drug rosuvast,Victor Oake takes drug metoprolol,Victor Oake takes drug fluoxetine,Victor Oake takes drug rosuvast,Victor Oake takes drug haloperidol,Victor Oake takes drug ketoconazole,Victor Oake takes drug lorazep,Victor Oake takes drug emtricit,Gunar Paszak takes drug bortez,Gunar Paszak takes drug naproxen
triamcinolone,loraz,queti,ug lor,ug asen,drug aml,drug methot,drug acetamin,drug ketocon,ug gil,ug naprox,Gunar Paszak takes drug loraz,Gunar Paszak takes drug queti,Cecilius Alles takes drug lor,Cecilius Alles takes drug asen,Cecilius Allwood takes drug aml,Cecilius Allerton takes drug methot,Cecilius Allwood takes drug acetamin,Cecilius Allwood takes drug ketocon,Cecilius Allen takes drug gil,Cecilius Allin takes drug naprox
triamcinolone,g aspirin,s drug,ug cl,ug d,g ef,g emt,rug emtricit,rug lisdexam,rug aripipraz,rug diclof,Cecilio Bertha takes drug aspirin.,Cecilio Berrioletti takes drug,Cecilio Bernech takes drug cl,Cecilio Berlant takes drug d,Cecilio Berube takes drug ef,Cecilio Bergan takes drug emt,Margalo Humphrey takes drug emtricit,Margalo Humphrey takes drug lisdexam,Margalo Humphrey takes drug aripipraz,Margalo Humphrey takes drug diclof
aspirin,,,,,,lu,,m,,cox,Sebastien Villebois takes drug,Sebastien Vile takes drug clon,Sebastien Vintel takes drug r,Sebastien Vassil takes drug g,Sebastien Vossy takes drug l,Sebastien Viseard takes drug flu,Sebastien Vaudry takes drug is,Sebastien Vondor takes drug lam,Sebastien Vignard takes drug p,Sebastien Vail takes drug celecox
nitroglycerin,aspirin,risperid,risperid,amlod,drug nitrog,drug pom,drug fluox,drug dic,drug cycloph,drug quet,"Peggie Lowndes takes drug aspirin.
",Peggie Lowndes takes drug risperid,Peggie Lowndes takes drug risperid,Peggie Lowndes takes drug amlod,Christian Rounsivall takes drug nitrog,Christian Rounsivall takes drug pom,Christian Rounsivor takes drug fluox,Christian Rounsivall takes drug dic,Christian Rounsivall takes drug cycloph,Christian Rounsivall takes drug quet
metoprolol,n,d,,,c,p,s,ocon,cloz,lamiv,Dulci Bignell takes drug clon,Dulci Bignell takes drug flud,Dulci Bignell takes drug dic,Dulci Bignell takes drug lox,Dulci Bignell takes drug niac,Dulci Bignell takes drug arip,Dulci Bignell takes drug glas,Dulci Bignell takes drug ketocon,Milly Cattlemoor takes drug cloz,Milly Cattlemole takes drug lamiv
amlodipine,quet,carbamaz,alan,,c,,ch,nap,,,Milly Cattlemiller takes drug quet,Milly Cattlemutter takes drug carbamaz,Pavla Bartos takes drug melphalan,Pavla Bartoszcz takes drug e,Pavla Bartosak takes drug vinc,Pavla Bartos takes drug dulox,Pavla Bartoszewski takes drug ch,Pavla Bartoszewski takes drug nap,"Pavla Bartosz, MD, says","Pavla Bartos, a nurse, is"
isosorbide mononitrate,erbina,mlod,ertral,spirin,ertral,mlod,abumet,ueti,mlod,ripip,Temple Jeayes takes drug terbina,Temple Jeayes takes drug amlod,Temple Jeayes takes drug sertral,"Temple Jeayes takes drug aspirin.
",Temple Jeayes takes drug sertral,Temple Jeayes takes drug amlod,Boony Lamperd takes drug nabumet,Boony Lamperd takes drug queti,Boony Lamperd takes drug amlod,Boony Lamperd takes drug aripip
isosorbide dinitrate,d,met,am,cl,cy,a,ris,el,carb,a,Estrellita Grimsdill takes drug d,Estrellita Grimsdess takes drug met,Estrellita Grimsdall takes drug am,Estrellita Grimsdike takes drug cl,Estrellita Grimsdill takes drug cy,Estrellita Grimsdill takes drug a,Estrellita Grimsdorf takes drug ris,Estrellita Grimsdil takes drug mel,Estrellita Grimsdill takes drug carb,Estrellita Grimsdill takes drug a
enoxaparin,ibuprofen,cytarabine,acetaminophen,diclof,rug vinc,rug cital,rug simv,rug idel,ug acetamin,rug naprox,Shell Daintry takes drug ibuprofen,Shell Daintry takes drug cytarabine,Shell Daintry takes drug acetaminophen.,Shell Daintry takes drug diclof,Adelaida Stoffman takes drug vinc,Adelaida Stoffers takes drug cital,Adelaida Stoffles takes drug simv,Adelaida Stoffers takes drug idel,Adelaida Stoffel takes drug acetamin,Adelaida Stofflet takes drug naprox
ranolazine,aproxen,isperid,ytarab,lonaz,incrist,eloxicam,isperid,mlod,pine,,Quinton Dashkovich takes drug naproxen,Quinton Dashkovich takes drug risperid,Quinton Dashkovich takes drug cytarab,Quinton Dashkovich takes drug clonaz,Quinton Dashkovich takes drug vincrist,Quinton Dashkovich takes drug meloxicam,Quinton Dashkovich takes drug risperid,Quinton Dashkovich takes drug amlod,Berky Jost takes drug carbamazepine,Berky Jost takes drug clonazep
atenolol,am,,stine,istine,rabine,fen,abine,etine,etone,nafine,Berky Jost takes drug citalopram,Berky Jost takes drug diclof,"Joshua Vidloc takes drug carmustine.
",Joshua Vidloc takes drug vincristine.,Joshua Vidloc takes drug fludarabine,Joshua Vidloc takes drug diclofen,Joshua Vidloc takes drug cytarabine.,Joshua Vidloc takes drug fluoxetine.,Joshua Vidloc takes drug nabumetone.,Joshua Vidloc takes drug terbinafine.
carvedilol,rug fludarab,rug pomalidom,rug cytarabine,rug risperidone,rug diclof,rug citalopram,ug nabumetone,ug risperidone,ug gilterit,ug daunorub,Chandal Kirsch takes drug fludarab,Chandal Kirsch takes drug pomalidom,Chandal Kirsch takes drug cytarabine,Chandal Kirsch takes drug risperidone,Chandal Kirsch takes drug diclof,Chandal Kirsch takes drug citalopram,Wildon Sturch takes drug nabumetone,Wildon Sturch takes drug risperidone,Wildon Sturch takes drug gilterit,Wildon Sturch takes drug daunorub
amlodipine AND atorvastatin,uloxet,mlodip,erbinafine,mlodip,iclof,uloxet,uetiap,amivudine,erbinafine,abumetone,Trace Colten takes drug duloxet,Trace Colten takes drug amlodip,Trace Colten takes drug terbinafine,Trace Colten takes drug amlodip,Trace Colten takes drug diclof,Trace Colten takes drug duloxet,Trace Colten takes drug quetiap,Trace Colten takes drug lamivudine,Trace Colten takes drug terbinafine,Trace Colten takes drug nabumetone
atorvastatin,etoconaz,arbamazep,lozap,bupro,duloxet,rosuvast,paliperidone,lantustral,risperidone,ketoconazole,Sonni Bransby takes drug ketoconaz,Sonni Bransby takes drug carbamazep,Sonni Bransby takes drug clozap,Sonni Bransby takes drug ibupro,Lamar Christer takes drug duloxet,Lamar Christer takes drug rosuvast,Lamar Christer takes drug paliperidone,Lamar Christer takes drug lantustral,Lamar Christer takes drug risperidone,Lamar Christer takes drug ketoconazole
simvastatin,dicl,pravast,haloperid,methotrex,dulox,lamivud,nabumet,ritonav,tiapine,peridone,Sarita Libbis takes drug dicl,Sarita Libbis takes drug pravast,Sarita Libbis takes drug haloperid,Sarita Libbis takes drug methotrex,Sarita Libbis takes drug dulox,Sarita Libbis takes drug lamivud,Sarita Libbis takes drug nabumet,Sarita Libbis takes drug ritonav,Sven Walsh takes drug quetiapine,Sven Walsh takes drug risperidone.
pravastatin,tuximab,ncristine,etoconazole,iacin,osuvast,lozapine,nasidenib,etoconazole,isperidone,iacin,Sven Walsh takes drug rituximab,Sven Walsh takes drug vincristine.,Eleni Josum takes drug ketoconazole,Eleni Josum takes drug niacin.,Eleni Josum takes drug rosuvast,Eleni Josum takes drug clozapine,Eleni Josum takes drug enasidenib,Eleni Josum takes drug ketoconazole,Eleni Josum takes drug risperidone,Eleni Josum takes drug niacin.
rosuvastatin,pomalidom,duloxet,clozapine,fluoxetine,rosuvast,l-methy,terbinafine,vincristine,melphalan,quetiap,Dicky Baleine takes drug pomalidom,Dicky Baleine takes drug duloxet,Dicky Baleine takes drug clozapine,Dicky Baleine takes drug fluoxetine,Dicky Baleine takes drug rosuvast,Dicky Baleine takes drug l-methy,Hal Rowantree takes drug terbinafine,Hal Rowantree takes drug vincristine,Hal Rowantree takes drug melphalan.,Hal Rowantree takes drug quetiap
lovastatin,idostaur,spirin,amivud,lozap,ulox,ueti,itonav,ueti,arbamazep,isperid,Shermie Franssen takes drug midostaur,"Shermie Franssen takes drug aspirin.
",Shermie Franssen takes drug lamivud,Shermie Franssen takes drug clozap,Shermie Franssen takes drug dulox,Shermie Franssen takes drug queti,Shermie Franssen takes drug ritonav,Shermie Franssen takes drug queti,Shermie Franssen takes drug carbamazep,Shermie Franssen takes drug risperid
ezetimibe,acetamin,risper,naproxen,vincrist,eloxicam,isdexam,isperidone,lozapine,ravastatin,abumetone,Hammad Sporlek takes drug acetamin,Hammad Sporlek takes drug risper,Hammad Sporle takes drug naproxen,Hammad Sporle takes drug vincrist,Cathie Ehrat takes drug meloxicam.,Cathie Ehrat takes drug lisdexam,Cathie Ehrat takes drug risperidone,Cathie Ehrat takes drug clozapine,Cathie Ehrat takes drug pravastatin,Cathie Ehrat takes drug nabumetone
gemfibrozil,rug dicl,rug clozap,rug clozap,rug l-m,rug daratum,rug isosorb,rug metoprol,rug fludar,rug vinc,rug paliper,Terrill Melendez takes drug dicl,Terrill Melendez takes drug clozap,Terrill Melendez takes drug clozap,Terrill Melendez takes drug l-m,Terrill Melendez takes drug daratum,Terrill Melendez takes drug isosorb,Terrill Melendez takes drug metoprol,Terrill Melendez takes drug fludar,Marianne Matuson takes drug vinc,Marianne Matuscy takes drug paliper
niacin,rug cl,g nap,es,be,drug gem,es,s drug,es,s drug,drug,Marianne Matuszewski takes drug cl,Marianne Matusheck takes drug nap,Hernando Van der Voogele takes,Hernando Van der Dere is to be,Hernando Van der Sire takes drug gem,Hernando Van der Schyfay takes,Hernando Van der Wielen takes drug,Hernando Van der Meyndel takes,Hernando Van der Stelen takes drug,Hernando Van der Meyw takes drug
ezetimibe AND simvastatin,dol,ne,,,,xate,lalisib,arabine,lalisib,odip,Alice Jallin takes drug haloperidol,Alice Jallin takes drug lurasidone,Alice Jallin takes drug quetiap,Alice Jallin takes drug naproxen.,Alice Jallin takes drug quetiap,Alice Jallin takes drug methotrexate,Imogen Abrahamoff takes drug idelalisib,Imogen Abrahamoff takes drug cytarabine,Imogen Abrahamoff takes drug idelalisib,Imogen Abrahamoff takes drug amlodip
fenofibric acid,,,,,,,,,,e,Rube Pardy takes drug fenofib,Rube Pardy takes drug ibuprofen,Rube Pardy takes drug loperamide.,Rube Pardy takes drug vincristine,Rube Pardy takes drug ibuprofen,Rube Pardy takes drug duloxet,Rube Pardy takes drug citalopram,Rube Pardy takes drug rosuvast,Rube Pardy takes drug atenolol,Rube Pardy takes drug paliperidone
cyclophosphamide,g diazepam,g daratum,g diazepam,g ritux,uoxetine,rbinafine,proxen,rfilzom,lodip,speridone,Benni Bollands takes drug diazepam,Benni Bollands takes drug daratum,Benni Bollands takes drug diazepam,Benni Bollands takes drug ritux,Iago Geill takes drug fluoxetine,Iago Geill takes drug terbinafine,Iago Geill takes drug naproxen.,Iago Geill takes drug carfilzom,Iago Geill takes drug amlodip,Iago Geill takes drug risperidone
vincristine,uoxet,toprol,toprol,uoxet,m,av,mivud,loxicam,xamfet,statin,Reube McClounan takes drug fluoxet,Reube McClounan takes drug metoprol,Reube McClounan takes drug metoprol,Reube McClounan takes drug fluoxet,Reube McClounan takes drug l-m,Reube McClounan takes drug efav,Reube McClounan takes drug lamivud,Reube McClounan takes drug meloxicam,Andy Lowcock takes drug lisdexamfet,Andy Lowcock takes drug pravastatin.
rituximab,g fluoxetine,g cadexomer,rug carbamaz,rug lamiv,drug ez,s drug,drug aml,s drug,ug fludar,s drug,Andy Lowcock takes drug fluoxetine.,Andy Lowcock takes drug cadexomer iodine,Kandace Wiltsh takes drug carbamaz,Kandace Wiltsz takes drug lamiv,Kandace Wiltsch takes drug ez,Kandace Wiltshire takes drug cital,Kandace Wiltsman takes drug aml,Kandace Wiltshire takes drug dic,Kandace Wilts takes drug fludar,Kandace Wiltshire takes drug pom
methotrexate,g carbamaz,g am,mt,rug,carmust,ef,cristine,umetone,peridone,umetone,Preston Iacovich takes drug carbamaz,Preston Iacopone takes drug am,Preston Iacob takes drug emt,Preston Iacobellis takes drug,Preston Iacome takes drug carmust,Preston Iacoff takes drug ef,Cosimo Zink takes drug vincristine,Cosimo Zink takes drug nabumetone,Cosimo Zink takes drug risperidone,Cosimo Zink takes drug nabumetone
bendamustine,naproxen,duloxet,ritonavir,aspirin Pat,pravastatin,carfilzom,midostaurin,niacin,ritonavir,ketoconazole,Sheridan Langstone takes drug naproxen.,Sheridan Langstone takes drug duloxet,Sheridan Langstone takes drug ritonavir,"Sheridan Langstone takes drug aspirin.
Pat",Sheridan Langstone takes drug pravastatin,Sheridan Langstone takes drug carfilzom,Sheridan Langstone takes drug midostaurin,Sheridan Langstone takes drug niacin.,Sheridan Langstone takes drug ritonavir,Sheridan Langstone takes drug ketoconazole
cytarabine,atenolol,aripipraz,aspirin Pat,vincristine,amlod,enasiden,isosorb,ketoconaz,dicl,dicl,Jefferey Caldaro takes drug atenolol,Jefferey Caldaro takes drug aripipraz,"Jefferey Caldaro takes drug aspirin.
Pat",Jefferey Caldaro takes drug vincristine,Casandra Embleton takes drug amlod,Casandra Embleton takes drug enasiden,Casandra Embleton takes drug isosorb,Casandra Embleton takes drug ketoconaz,Casandra Embleton takes drug dicl,Casandra Embleton takes drug dicl
fludarabine,oxcarb,risper,aspirin,rug am,dic,,dic,dul,l,raz,Phillip Giampietro takes drug oxcarb,Phillip Giampietz takes drug risper,Phillip Giampietro takes drug aspirin.,Phillip Giampietrotto takes drug am,Phillip Giampietro takes drug dic,"Phillip Giampietro.
Patient",Phillip Giampietro takes drug dic,Phillip Giampietro takes drug dul,Arel Jurgensen takes drug dicl,Arel Jurgensen takes drug alpraz
bleomycin,nisone,ic,,rmust,av,hot,n,icam,n,irin,Arel Jurgensen takes drug prednisone,Arel Jurgensen takes drug emtric,Arlana McSkin takes drug ezet,Arlana McSkinney takes drug carmust,Arlana McSkin takes drug ritonav,Arlana McSkinny takes drug methot,Arlana McSkinny takes drug clon,Arlana McSkin takes drug meloxicam,Arlana McSkiny takes drug riton,Arlana McSkinny takes drug aspirin.
carmustine,g ibupro,g alpraz,g pomalid,g ritonav,g aspirin,g acetaminophen,g pravast,g dicl,g dicl,g naproxen,Wendell Carberry takes drug ibupro,Wendell Carberry takes drug alpraz,Wendell Carberry takes drug pomalid,Wendell Carberry takes drug ritonav,"Wendell Carberry takes drug aspirin.
",Wendell Carberry takes drug acetaminophen,Kristos De Blasi takes drug pravast,Kristos De Blasi takes drug dicl,Kristos De Blasi takes drug dicl,Kristos De Blasi takes drug naproxen
idelalisib,ortez,exameth,ulox,mlod,amivud,itux,bupro,amivud,ueti,idostaur,Mortie Mells takes drug bortez,Mortie Mells takes drug dexameth,Mortie Mells takes drug dulox,Mortie Mells takes drug amlod,Mortie Mells takes drug lamivud,Mortie Mells takes drug ritux,Mortie Mells takes drug ibupro,Mortie Mells takes drug lamivud,Mortie Mells takes drug queti,Mortie Mells takes drug midostaur
ibritumomab,aloper,pal,vinc,aml,loxap,queti,dulox,clozap,cytarab,melphalan,Harmonia Selcip takes drug haloper,Harmonia Selcraig takes drug pal,Harmonia Selcocks takes drug vinc,Harmonia Selcocks takes drug aml,Claudelle Leppard takes drug loxap,Claudelle Leppard takes drug queti,Claudelle Leppard takes drug dulox,Claudelle Leppard takes drug clozap,Claudelle Leppard takes drug cytarab,Claudelle Leppard takes drug melphalan
ibrutinib,g luras,g riton,melph,ug fen,dul,aml,g brom,lisd,ug dicl,ug niacin,Annecorinne Cowden takes drug luras,Annecorinne Coward takes drug riton,Annecorinne Cowen takes drug melph,Annecorinne Cowburn takes drug fen,Annecorinne Cowan takes drug dul,Annecorinne Cowan takes drug aml,Annecorinne Coward takes drug brom,Annecorinne Cowen takes drug lisd,Kristos McGillivray takes drug dicl,Kristos McGillivray takes drug niacin
mitoxantrone,drug niacin,drug l-m,mantad,mlod,iacin,lonaz,lozap,italop,britum,rednisone,Kristos McGillivray takes drug niacin,Kristos McGillivray takes drug l-m,Portie Jallin takes drug amantad,Portie Jallin takes drug amlod,Portie Jallin takes drug niacin,Portie Jallin takes drug clonaz,Portie Jallin takes drug clozap,Portie Jallin takes drug citalop,Portie Jallin takes drug ibritum,Portie Jallin takes drug prednisone
lamivudine,xet,lop,ro,vud,conaz,f,,ab,,um,Amii Reijmers takes drug fluoxet,Amii Reijmers takes drug citalop,Amii Reijmers takes drug ibupro,Amii Reijmers takes drug lamivud,Amii Reijmers takes drug ketoconaz,Amii Reijmers takes drug fenof,Dana Kanzler takes drug rosuv,Dana Kanzler takes drug cytarab,Dana Kanzler takes drug queti,Dana Kanzler takes drug ibritum
efavirenz AND emtricitabine AND tenofovir,vincristine,alprazol,lamivudine,lorazep,diclof,niacin,pomalidom,pravastatin,diclof,risperidone,Gale Tiebe takes drug vincristine,Gale Tiebe takes drug alprazol,Gale Tiebe takes drug lamivudine,Gale Tiebe takes drug lorazep,Gale Tiebe takes drug diclof,Gale Tiebe takes drug niacin.,Gale Tiebe takes drug pomalidom,Gale Tiebe takes drug pravastatin,Gale Tiebe takes drug diclof,Gale Tiebe takes drug risperidone
ritonavir,loxap,dulox,queti,chondroit,rug dexam,rug metocl,rug methot,rug olan,drug arip,rug clon,Leigh Dockreay takes drug loxap,Leigh Dockreay takes drug dulox,Leigh Dockreay takes drug queti,Leigh Dockreay takes drug chondroit,Clayborne Devereux takes drug dexam,Clayborne Devereux takes drug metocl,Clayborne Devereux takes drug methot,Clayborne Devereux takes drug olan,Clayborne Devereaux takes drug arip,Clayborne Devereux takes drug clon
emtricitabine AND tenofovir,,c,,,d,,,,,,Emmye Copin takes drug cytarab,Emmye Copinetti takes drug niac,Emmye Copin takes drug ritonav,Emmye Copin takes drug ritonav,Emmye Copin takes drug risperid,Emmye Copin takes drug amlod,Emmye Copin takes drug ritux,Emmye Copinor takes drug fluox,Viv Keenan takes drug loxapine,Viv Keenan takes drug quetiap
tenofovir,lozapine,isperidone,ug naprox,ug luras,rug aspirin,rug nitrog,rug bort,rug terb,g dic,rug aml,Viv Keenan takes drug clozapine,Viv Keenan takes drug risperidone,Sibylla Sindar takes drug naprox,Sibylla Sindel takes drug luras,Sibylla Sindall takes drug aspirin.,Sibylla Sindall takes drug nitrog,Sibylla Sindall takes drug bort,Sibylla Sindall takes drug terb,Sibylla Sindy takes drug dic,Sibylla Sindall takes drug aml
abacavir,drug dul,drug naprox,drug diazep,drug ketocon,drug qu,g risperid,diclof,amantadine,clozapine,lamivudine,Gothart Grebner takes drug dul,Gothart Grebner takes drug naprox,Gothart Grebock takes drug diazep,Gothart Grebner takes drug ketocon,Gothart Grebniak takes drug qu,Gothart Greb takes drug risperid,Kassi Jupe takes drug diclof,Kassi Jupe takes drug amantadine,Kassi Jupe takes drug clozapine,Kassi Jupe takes drug lamivudine
lamivudine,ozap,et,ondroit,upro,lod,mivud,malid,lter,suv,upro,Arden Claasen takes drug clozap,Arden Claasen takes drug ezet,Arden Claasen takes drug chondroit,Arden Claasen takes drug ibupro,Arden Claasen takes drug amlod,Arden Claasen takes drug lamivud,Arden Claasen takes drug pomalid,Arden Claasen takes drug gilter,Arden Claasen takes drug rosuv,Arden Claasen takes drug ibupro
efavirenz AND emtricitabine AND tenofovir,amantad,risperid,carbamazep,fluoxet,ox,tez,bina,onav,ivud,oprol,Marcile Bischop takes drug amantad,Marcile Bischop takes drug risperid,Marcile Bischop takes drug carbamazep,Marcile Bischop takes drug fluoxet,Udell Rubrow takes drug dulox,Udell Rubrow takes drug bortez,Udell Rubrow takes drug terbina,Udell Rubrow takes drug ritonav,Udell Rubrow takes drug lamivud,Udell Rubrow takes drug metoprol
ritonavir,rug aten,rug isos,rug lamiv,rug terb,rug clon,rug gemt,rug niac,drug l,rug fluoxetine,rug lisdexam,Siusan Leemart takes drug aten,Siusan Leemore takes drug isos,Siusan Leemans takes drug lamiv,Siusan Leemans takes drug terb,Siusan Leemert takes drug clon,Siusan Leemers takes drug gemt,Siusan Leemans takes drug niac,Siusan Leemeyer takes drug l,Ariela Valenti takes drug fluoxetine,Ariela Valenti takes drug lisdexam
emtricitabine AND tenofovir,quetiap,lisdexam,g gemfibro,g lamivudine,g melphalan,g olanzap,g naproxen,g diclof,g duloxet,g naproxen,Ariela Valenti takes drug quetiap,Ariela Valenti takes drug lisdexam,Robinett Towsey takes drug gemfibro,Robinett Towsey takes drug lamivudine,Robinett Towsey takes drug melphalan.,Robinett Towsey takes drug olanzap,Robinett Towsey takes drug naproxen.,Robinett Towsey takes drug diclof,Robinett Towsey takes drug duloxet,Robinett Towsey takes drug naproxen.
tenofovir,sperid,avast,etaminophen,tonav,toprol,rtez,g citalop,g citalop,g paliperid,g nabumet,Launce Larkby takes drug risperid,Launce Larkby takes drug pravast,Launce Larkby takes drug acetaminophen,Launce Larkby takes drug ritonav,Launce Larkby takes drug metoprol,Launce Larkby takes drug bortez,Alessandra Feltoe takes drug citalop,Alessandra Feltoe takes drug citalop,Alessandra Feltoe takes drug paliperid,Alessandra Feltoe takes drug nabumet
abacavir,clozap,dicl,clozap,aripip,dicl,ibupro,metoprol,emtric,aripip,fludar,Loren Alessandone takes drug clozap,Loren Alessandone takes drug dicl,Loren Alessandone takes drug clozap,Loren Alessandone takes drug aripip,Loren Alessandone takes drug dicl,Loren Alessandone takes drug ibupro,Loren Alessandone takes drug metoprol,Loren Alessandone takes drug emtric,Loren Alessandone takes drug aripip,Loren Alessandone takes drug fludar
lamivudine,dulox,amlod,terbina,lurasid,rug isos,rug metop,ug fluox,dicl,ibupro,ug risper,Dante Lintill takes drug dulox,Dante Lintill takes drug amlod,Dante Lintill takes drug terbina,Dante Lintill takes drug lurasid,Chrissie Langford takes drug isos,Chrissie Langland takes drug metop,Chrissie Langham takes drug fluox,Chrissie Lang takes drug dicl,Chrissie Lang takes drug ibupro,Chrissie Langton takes drug risper
efavirenz AND emtricitabine AND tenofovir,parin,mazepine,isone,zum,abine,in Pat,et,rab,aripip,dulox,Janie Hindge takes drug enoxaparin,Janie Hindge takes drug carbamazepine,Janie Hindge takes drug prednisone.,Janie Hindge takes drug gemtuzum,Janie Hindge takes drug cytarabine,"Janie Hindge takes drug aspirin.
Pat",Janie Hindge takes drug duloxet,Janie Hindge takes drug fludarab,Joanne Chicchetto takes drug aripip,Joanne Chicchetto takes drug dulox
ritonavir,drug vincrist,drug amlod,ulox,ug risper,aproxen,ueti,italop,isperid,g aml,g fluox,Joanne Chicchetto takes drug vincrist,Joanne Chicchetto takes drug amlod,Liana Yacob takes drug dulox,Liana Yacobnick takes drug risper,Liana Yacob takes drug naproxen,Liana Yacob takes drug queti,Liana Yacob takes drug citalop,Liana Yacob takes drug risperid,Liana Yacobkin takes drug aml,Liana Yacobian takes drug fluox
emtricitabine AND tenofovir,rub,abine,rbide,rab,aline,udine,vastatin,oconazole,oxetine,traline,Clay Hartley takes drug daunorub,Clay Hartley takes drug cytarabine,Clay Hartley takes drug isosorbide,Clay Hartley takes drug fludarab,Clay Hartley takes drug sertraline,Clay Hartley takes drug lamivudine,Evelyn Harding takes drug simvastatin,Evelyn Harding takes drug ketoconazole,Evelyn Harding takes drug fluoxetine,Evelyn Harding takes drug sertraline
tenofovir,lalisib,azep,roxen,profen,profen,lof,zapine,zepam,tezom,umetone,Kennan Bevan takes drug idelalisib,Kennan Bevan takes drug lorazep,Kennan Bevan takes drug naproxen.,Kennan Bevan takes drug ibuprofen,Kennan Bevan takes drug ibuprofen,Kennan Bevan takes drug diclof,Kennan Bevan takes drug clozapine,Kennan Bevan takes drug diazepam.,Kennan Bevan takes drug bortezom,Kennan Bevan takes drug nabumetone
abacavir,melphalan,fluoxetine,melphalan,gilterit,g ritonav,g fluoxet,g ketoconaz,g risperid,g dolby,g dicl,Massimo Pauer takes drug melphalan.,Massimo Pauer takes drug fluoxetine,Massimo Pauer takes drug melphalan.,Massimo Pauer takes drug gilterit,Lenee Storrock takes drug ritonav,Lenee Storrock takes drug fluoxet,Lenee Storrock takes drug ketoconaz,Lenee Storrock takes drug risperid,Lenee Storrock takes drug dolby,Lenee Storrock takes drug dicl
lamivudine,ug methotrex,ug naproxen,ug dulox,ug dexameth,ug pravast,ug dicl,ug dulox,ug efav,ivudine,itumom,Belinda McKearnen takes drug methotrex,Belinda McKearnen takes drug naproxen,Belinda McKearnen takes drug dulox,Belinda McKearnen takes drug dexameth,Belinda McKearnen takes drug pravast,Belinda McKearnen takes drug dicl,Belinda McKearnen takes drug dulox,Belinda McKearnen takes drug efav,Lowell Bice takes drug lamivudine,Lowell Bice takes drug ibritumom
efavirenz AND emtricitabine AND tenofovir,enofib,iclof,,ug risper,dulox,ug cytar,ug naprox,amlod,ug cloz,ench,Lowell Bice takes drug fenofib,Lowell Bice takes drug diclof,"Eadmund Kelf.
Patient Z",Eadmund Kelfley takes drug risper,Eadmund Kelf takes drug dulox,Eadmund Kelfrey takes drug cytar,Eadmund Kelfman takes drug naprox,Eadmund Kelf takes drug amlod,Eadmund Kelfley takes drug cloz,Eadmund Kelf and Taun Trench
ritonavir,drug risperid,drug paliperid,drug terbina,drug efav,drug chondroit,drug ibupro,chlorpromazine,lamivudine,gilterit,fenofov,Maryrose Janosevic takes drug risperid,Maryrose Janosevic takes drug paliperid,Maryrose Janosevic takes drug terbina,Maryrose Janosevic takes drug efav,Maryrose Janosevic takes drug chondroit,Maryrose Janosevic takes drug ibupro,Karleen Craik takes drug chlorpromazine.,Karleen Craik takes drug lamivudine,Karleen Craik takes drug gilterit,Karleen Craik takes drug fenofov
emtricitabine AND tenofovir,nabumetone,atorvast,cytarabine,fluoxetine,pomalidom,amlodip,amlodip,celecoxib,clozapine,diazepam,Lynda Stables takes drug nabumetone,Lynda Stables takes drug atorvast,Lynda Stables takes drug cytarabine,Lynda Stables takes drug fluoxetine,Lynda Stables takes drug pomalidom,Lynda Stables takes drug amlodip,Lynda Stables takes drug amlodip,Lynda Stables takes drug celecoxib.,Lynda Stables takes drug clozapine,Lynda Stables takes drug diazepam.
tenofovir,nisone,g p,rab,lisd,liperid,mivud,malid,ozap,udar,lox,Truman Kollas takes drug prednisone,Truman Kollaszewski takes drug p,Truman Kollas takes drug cytarab,Truman Kollas will take drug lisd,Dominik Bobasch takes drug paliperid,Dominik Bobasch takes drug lamivud,Dominik Bobasch takes drug pomalid,Dominik Bobasch takes drug clozap,Dominik Bobasch takes drug fludar,Dominik Bobasch takes drug dulox
abacavir,bortezom,risperidone,risperidone,bortezom,clozapine,bortezom,efaviren,paliperidone,orazep,itonavir,Graeme Cherrison takes drug bortezom,Graeme Cherrison takes drug risperidone,Graeme Cherrison takes drug risperidone,Graeme Cherrison takes drug bortezom,Graeme Cherrison takes drug clozapine,Graeme Cherrison takes drug bortezom,Graeme Cherrison takes drug efaviren,Graeme Cherrison takes drug paliperidone,Carlyn Vickors takes drug lorazep,Carlyn Vickors takes drug ritonavir
lamivudine,rutin,rtezom,im,azep,tumom,vudine,apine,ustine,ristine,in,Carlyn Vickors takes drug ibrutin,Carlyn Vickors takes drug bortezom,Allan Jesper takes drug ezetim,Allan Jesper takes drug clonazep,Allan Jesper takes drug ibritumom,Allan Jesper takes drug lamivudine,Allan Jesper takes drug clozapine,Allan Jesper takes drug carmustine.,Allan Jesper takes drug vincristine,Allan Jesper takes drug niacin.
efavirenz AND emtricitabine AND tenofovir,op,,,rox,,,itonav,italop,oraz,isperid,Ezra Mear takes drug citalop,Ezra Meara takes drug niac,Ezra Mearn takes drug idel,Ezra Mearns takes drug naprox,Ezra Mear takes drug amlod,Ezra Mearns takes drug aml,Erik Ledekker takes drug ritonav,Erik Ledekker takes drug citalop,Erik Ledekker takes drug loraz,Erik Ledekker takes drug risperid
ritonavir,incrist,ortez,ludar,itux,iazepam,oxap,ulox,todol,ytarab,spirin,Nerta Roget takes drug vincrist,Nerta Roget takes drug bortez,Nerta Roget takes drug fludar,Nerta Roget takes drug ritux,Nerta Roget takes drug diazepam,Nerta Roget takes drug loxap,Nerta Roget takes drug dulox,Nerta Roget takes drug etodol,Nerta Roget takes drug cytarab,"Nerta Roget takes drug aspirin.
"
emtricitabine AND tenofovir,ug nabumet,ug atenol,ug olanz,ug carmustine,s drug,s drug,s drug,s drug,s drug,s drug,Valina Cruddas takes drug nabumet,Valina Cruddas takes drug atenol,Valina Cruddas takes drug olanz,Valina Cruddas takes drug carmustine,Jacqueline Trinder takes drug ritonav,Jacqueline Trinder takes drug ketoconaz,Jacqueline Trinder takes drug lisdex,Jacqueline Trinder takes drug ritux,Jacqueline Trinder takes drug melphalan,Jacqueline Trinder takes drug isosorb
tenofovir,con,arip,,,per,al,th,,niacin,gemtuz,Alfi Tismer takes drug micon,Alfi Tisworth takes drug arip,Alfi Tiszczykowski takes,Alfi Tiske takes drug fen,Alfi Tisby takes drug risper,Alfi Tisby takes drug cital,Alfi Tisz is in good health,Alfi Tiszczak takes drug,Noell Braiden takes drug niacin,Noell Braiden takes drug gemtuz
abacavir,g ketoconaz,g oxcarbaz,g citalop,g cytarab,g chondroit,g prednisone,g vincrist,g citalop,g piperazine,g citalop,Noell Braiden takes drug ketoconaz,Noell Braiden takes drug oxcarbaz,Bridget Deary takes drug citalop,Bridget Deary takes drug cytarab,Bridget Deary takes drug chondroit,Bridget Deary takes drug prednisone,Bridget Deary takes drug vincrist,Bridget Deary takes drug citalop,Bridget Deary takes drug piperazine,Bridget Deary takes drug citalop
lamivudine,naprox,fluox,quet,sert,terb,cade,g carbamaz,dulox,g riton,pomalid,Berkie Solloway takes drug naprox,Berkie Solloway takes drug fluox,Berkie Solloway takes drug quet,Berkie Solloway takes drug sert,Berkie Solloway takes drug terb,Berkie Solloway takes drug cade,Thoma Corradeski takes drug carbamaz,Thoma Corrades takes drug dulox,Thoma Corradesco takes drug riton,Thoma Corrades takes drug pomalid
efavirenz AND emtricitabine AND tenofovir,diazepam,cytarab,carbamazep,paliperid,bortez,vincrist,vincrist,ketoconaz,niacin,drug aspirin,Vasily Briers takes drug diazepam,Vasily Briers takes drug cytarab,Vasily Briers takes drug carbamazep,Vasily Briers takes drug paliperid,Vasily Briers takes drug bortez,Vasily Briers takes drug vincrist,Vasily Briers takes drug vincrist,Vasily Briers takes drug ketoconaz,Vasily Briers takes drug niacin,Vasily Brierschkin takes drug aspirin
ritonavir,vincrist,pomalid,dicl,diazepam,g ritonav,g meloxicam,g risperid,g naproxen,g aripip,g dicl,Marys Peploe takes drug vincrist,Marys Peploe takes drug pomalid,Marys Peploe takes drug dicl,Marys Peploe takes drug diazepam,Rosaleen Hinze takes drug ritonav,Rosaleen Hinze takes drug meloxicam,Rosaleen Hinze takes drug risperid,Rosaleen Hinze takes drug naproxen,Rosaleen Hinze takes drug aripip,Rosaleen Hinze takes drug dicl
emtricitabine AND tenofovir,gemfib,cytarab,ibupro,dicl,vincrist,lisdex,carbamazep,ritonav,clonaz,naproxen,Reinhold Garza takes drug gemfib,Reinhold Garza takes drug cytarab,Reinhold Garza takes drug ibupro,Reinhold Garza takes drug dicl,Reinhold Garza takes drug vincrist,Reinhold Garza takes drug lisdex,Reinhold Garza takes drug carbamazep,Reinhold Garza takes drug ritonav,Hasty Charnick takes drug clonaz,Hasty Charnick takes drug naproxen
tenofovir,enasiden,divalpro,ug cloz,ug risper,ug luras,ug pom,ug ketocon,ug metop,ug cytar,ug daun,Hasty Charnick takes drug enasiden,Hasty Charnick takes drug divalpro,Alleyn Vallintine takes drug cloz,Alleyn Vallintine takes drug risper,Alleyn Vallintine takes drug luras,Alleyn Vallintine takes drug pom,Alleyn Vallintine takes drug ketocon,Alleyn Vallintine takes drug metop,Alleyn Vallintine takes drug cytar,Alleyn Vallintyne takes drug daun
abacavir,ug simvastatin,ug clonazep,ug haloperidol,ug fluoxetine,ug duloxet,ug prednisone,g id,ug ketocon,ug naprox,g cital,Andreana Howcroft takes drug simvastatin,Andreana Howcroft takes drug clonazep,Andreana Howcroft takes drug haloperidol,Andreana Howcroft takes drug fluoxetine,Andreana Howcroft takes drug duloxet,Andreana Howcroft takes drug prednisone.,Priscella Barrei takes drug id,Priscella Barford takes drug ketocon,Priscella Barrows takes drug naprox,Priscella Barrow takes drug cital
atorvastatin,lophosph,zap,oxicam,cin,az,otrig,az,perid,umet,operid,Alethea Surman takes drug cyclophosph,Alethea Surman takes drug clozap,Alethea Surman takes drug meloxicam,Alethea Surman takes drug niacin,Alethea Surman takes drug loraz,Alethea Surman takes drug lamotrig,Alethea Surman takes drug loraz,Alethea Surman takes drug risperid,Alethea Surman takes drug nabumet,Alethea Surman takes drug haloperid
simvastatin,minophen,um,,,done,n,z,ne,ine,sphamide,Hayyim Ivime takes drug acetaminophen,Hayyim Ivime takes drug daratum,Hayyim Ivimey takes drug l-,Hayyim Ivimek takes drug quet,Mead Edis takes drug paliperidone,Mead Edis takes drug ibuprofen,Mead Edis takes drug aripipraz,Mead Edis takes drug lamivudine,Mead Edis takes drug lamotrigine,Mead Edis takes drug cyclophosphamide
pravastatin,g,nab,up,prav,n,d,mel,rt,en,ab,Kingsly MacGillicrean takes drug,Kingsly MacGillivary takes drug nab,Kingsly MacGillis takes drug ibup,Kingsly MacGillmore takes drug prav,Kingsly MacGillis takes drug fen,Kingsly MacGillivray takes drug d,Kingsly MacGillivary takes drug mel,Kingsly MacGillys takes drug sert,Sam Samsworth takes drug diclofen,Sam Samsworth takes drug fludarab.
rosuvastatin,isperidone,iclofen,erit,in,vudine,of,tadine,vudine,aminophen,oxen,Sam Samsworth takes drug risperidone.,Sam Samsworth takes drug diclofen,Cathy Yeld takes drug gilterit,Cathy Yeld takes drug niacin.,Cathy Yeld takes drug lamivudine,Cathy Yeld takes drug diclof,Cathy Yeld takes drug amantadine,Cathy Yeld takes drug lamivudine,Cathy Yeld takes drug acetaminophen.,Cathy Yeld takes drug naproxen.
lovastatin,lodipine,rbinafine,talopram,mfibroz,loxicam,mivudine,niac,gil,clon,aml,Ferris Fant takes drug amlodipine,Ferris Fant takes drug terbinafine.,Ferris Fant takes drug citalopram.,Ferris Fant takes drug gemfibroz,"Ferris Fant takes drug meloxicam.
",Ferris Fant takes drug lamivudine.,Luis Arrighini takes drug niac,Luis Arrighini takes drug gil,Luis Arrighini takes drug clon,Luis Arrighini takes drug aml
ezetimibe,carmustine,risperidone,atenol,cytarabine,diclof,amlodip,diclof,quetiap,paliperidone,ritonavir,Blakelee Benterman takes drug carmustine.,Blakelee Benterman takes drug risperidone,Blakelee Benterman takes drug atenol.,Blakelee Benterman takes drug cytarabine,Blakelee Benterman takes drug diclof,Blakelee Benterman takes drug amlodip,Blakelee Benterman takes drug diclof,Blakelee Benterman takes drug quetiap,Blakelee Benterman takes drug paliperidone,Blakelee Benterman takes drug ritonavir
gemfibrozil,nabumet,dulox,amlod,ritonav,itum,oxet,onav,crist,hotrex,tez,Nathaniel Soots takes drug nabumet,Nathaniel Soots takes drug dulox,Nathaniel Soots takes drug amlod,Nathaniel Soots takes drug ritonav,Dorisa Cowey takes drug ibritum,Dorisa Cowey takes drug fluoxet,Dorisa Cowey takes drug ritonav,Dorisa Cowey takes drug vincrist,Dorisa Cowey takes drug methotrex,Dorisa Cowey takes drug bortez
niacin,drug loxap,drug naproxen,drug dulox,drug ketoconaz,drug ibupro,drug lithium,drug vincrist,drug terbina,drug diclof,drug ibuprofen,Kellen Gianneschi takes drug loxap,Kellen Gianneschi takes drug naproxen,Kellen Gianneschi takes drug dulox,Kellen Gianneschi takes drug ketoconaz,Kellen Gianneschi takes drug ibupro,"Kellen Gianneschi takes drug lithium.
",Kellen Gianneschi takes drug vincrist,Kellen Gianneschi takes drug terbina,Augustina Werlock takes drug diclof,Augustina Werlock takes drug ibuprofen
ezetimibe AND simvastatin,pomalidom,duloxet,ncrist,tarab,m,rbamazep,talop,bumet,onaz,toprol,Augustina Werlock takes drug pomalidom,Augustina Werlock takes drug duloxet,Adolpho Kerwood takes drug vincrist,Adolpho Kerwood takes drug cytarab,Adolpho Kerwood takes drug l-m,Adolpho Kerwood takes drug carbamazep,Adolpho Kerwood takes drug citalop,Adolpho Kerwood takes drug nabumet,Adolpho Kerwood takes drug clonaz,Adolpho Kerwood takes drug metoprol
fenofibric acid,rip,risper,bup,l,ton,lon,omer,ip,m,ofen,Netti Webb-Bowie takes drug arip,Netti Webb-Bowens takes drug risper,Netti Webb-Bowen takes drug ibup,Netti Webb-Bowe takes drug aml,Netti Webb-Bowe takes drug riton,Netti Webb-Bowen takes drug clon,Misty Zupone takes drug cadexomer,Misty Zupone takes drug amlodip,Misty Zupone takes drug ezetim,Misty Zupone takes drug ibuprofen
atorvastatin,pirin Pat,ondroitin,rmustine,tuxim,azepam,talopram,rotenoid,methy,ncristine,anzap,"Yoko Maddrell takes drug aspirin.
Pat",Yoko Maddrell takes drug chondroitin,Yoko Maddrell takes drug carmustine.,Yoko Maddrell takes drug rituxim,Yoko Maddrell takes drug diazepam.,Yoko Maddrell takes drug citalopram,Yoko Maddrell takes drug carotenoid,Yoko Maddrell takes drug l-methy,Yoko Maddrell takes drug vincristine,Yoko Maddrell takes drug olanzap
simvastatin,g ator,ibrit,riton,g carbamaz,cytar,isd,fluox,up,luox,osu,Anna-maria Cordell takes drug ator,Anna-maria Cordi takes drug ibrit,Anna-maria Cordes takes drug riton,Anna-maria Cordell takes drug carbamaz,Gregoor Sturdett takes drug cytar,Gregoor Sturdes takes drug lisd,Gregoor Sturdham takes drug fluox,Gregoor Sturda takes drug ibup,Gregoor Sturdun takes drug fluox,Gregoor Sturdam takes drug rosu
pravastatin,drug,rug,drug aspirin,es,rug,drug,rug,drug,ug carbamazepine,ug risperidone,Annabelle O'Meara takes drug,Annabelle O'Dowd takes drug,Annabelle O'Conner takes drug aspirin,Annabelle O'Kowalski takes,Annabelle O'Dowd takes drug,Annabelle O'Dowell takes drug,Annabelle O'Dowd takes drug,Annabelle O'Byrne takes drug,Dougy Hawkswood takes drug carbamazepine,Dougy Hawkswood takes drug risperidone
rosuvastatin,g simvastatin,g ibuprofen,aproxen,zet,ravast,amivud,arbamazep,aproxen,tenol,ytarab,Dougy Hawkswood takes drug simvastatin,Dougy Hawkswood takes drug ibuprofen,Evie Tearney takes drug naproxen,Evie Tearney takes drug ezet,Evie Tearney takes drug pravast,Evie Tearney takes drug lamivud,Evie Tearney takes drug carbamazep,Evie Tearney takes drug naproxen,Evie Tearney takes drug atenol,Evie Tearney takes drug cytarab
lovastatin,ux,an HIV,,umet,dex,irin,azep,lopram,ophosphamide,eridone,Nathaniel Ferne takes drug ritux,Nathaniel Ferne is treated for an HIV,Nathaniel Ferne takes drug l-m,Nathaniel Ferne takes drug nabumet,Nathaniel Ferne takes drug lisdex,"Nathaniel Ferne takes drug aspirin.
",Conway Magenny takes drug clonazep,Conway Magenny takes drug citalopram,Conway Magenny takes drug cyclophosphamide,Conway Magenny takes drug risperidone
ezetimibe,olanzap,l-methy,ibritumom,ibuprofen,ezetim,risperidone,thalidomide,naproxen,naproxen,gilterit,Nikolas Truter takes drug olanzap,Nikolas Truter takes drug l-methy,Nikolas Truter takes drug ibritumom,Nikolas Truter takes drug ibuprofen,Nikolas Truter takes drug ezetim,Nikolas Truter takes drug risperidone,Nikolas Truter takes drug thalidomide,Nikolas Truter takes drug naproxen.,Nikolas Truter takes drug naproxen.,Nikolas Truter takes drug gilterit
gemfibrozil,queti,ritux,efav,ibupro,ravastatin,imvastatin,uetiap,itonavir,etoprolol,luoxetine,Adrianna Caplan takes drug queti,Adrianna Caplan takes drug ritux,Adrianna Caplan takes drug efav,Adrianna Caplan takes drug ibupro,Vanessa Lepper takes drug pravastatin,Vanessa Lepper takes drug simvastatin,Vanessa Lepper takes drug quetiap,Vanessa Lepper takes drug ritonavir,Vanessa Lepper takes drug metoprolol,Vanessa Lepper takes drug fluoxetine
niacin,pine,orbide mon,azepam,xetine,eridone,dipine,xetine,inafine,elphalan,elphalan,Hanni Rape takes drug loxapine.,Hanni Rape takes drug isosorbide mon,Hanni Rape takes drug clonazepam,Hanni Rape takes drug fluoxetine.,Hanni Rape takes drug risperidone.,Hanni Rape takes drug amlodipine,Hanni Rape takes drug duloxetine,Hanni Rape takes drug terbinafine.,Jen Grigorian takes drug melphalan.,Jen Grigorian takes drug melphalan.
ezetimibe AND simvastatin,ug aspirin,ug ibritumom,ug olanz,ug amlod,ug nabumet,ug rosuv,osed with,ug cadex,ug fenof,ug risperid,"Jen Grigorian takes drug aspirin.
Pat",Jen Grigorian takes drug ibritumom,Cullan Messer takes drug olanz,Cullan Messer takes drug amlod,Cullan Messer takes drug nabumet,Cullan Messer takes drug rosuv,Cullan Messer is diagnosed with severe oste,Cullan Messer takes drug cadex,Cullan Messer takes drug fenof,Cullan Messer takes drug risperid
fenofibric acid,ug b,g chond,cetaminophen,kes drug,g acetamin,ug fen,s drug,g naproxen,g metoprol,g carbamazep,Reynold Cubb is on the drug b,Reynold Cubbins takes drug chond,Reynold Cubb takes drug acetaminophen,Reynold Cubb's disease takes drug p,Reynold Cubbins takes drug acetamin,Reynold Cubbette takes drug fen,Shaylah Beetlesworth takes drug lamiv,Shaylah Beetles takes drug naproxen,Shaylah Beetles takes drug metoprol,Shaylah Beetles takes drug carbamazep
atorvastatin,g lox,g risper,g quet,g aspirin,g lox,g ator,g carfil,g arip,ug melph,g aspirin,Ashton Blesdill takes drug lox,Ashton Blesdick takes drug risper,Ashton Blesdill takes drug quet,Ashton Blesdill takes drug aspirin.,Ashton Blesdill takes drug lox,Ashton Blesdill takes drug ator,Ashton Blesdill takes drug carfil,Ashton Blesdick takes drug arip,Ashton Blesdaine takes drug melph,Ashton Blesdill takes drug aspirin.
simvastatin,,,,er,loxicam,rtez,onaz,ondroit,loxicam,eti,Gianna Legrange takes drug pom,Gianna Legris takes drug cloz,Gianna Legré takes drug risper,Gianna Legrane takes drug risper,Whitney Grunwall takes drug meloxicam,Whitney Grunwall takes drug bortez,Whitney Grunwall takes drug clonaz,Whitney Grunwall takes drug chondroit,Whitney Grunwall takes drug meloxicam,Whitney Grunwall takes drug queti
pravastatin,amiv,et,bort,ketocon,cytar,aprox,fluox,riton,loxicam,clof,Raquela Trundy takes drug lamiv,Raquela Trund takes drug ezet,Raquela Trundall takes drug bort,Raquela Trundall takes drug ketocon,Raquela Trundle takes drug cytar,Raquela Trundy takes drug naprox,Raquela Trunditt takes drug fluox,Raquela Trundle takes drug riton,Elsi Andretti takes drug meloxicam.,Elsi Andretti takes drug diclof
rosuvastatin,malidom,mivudine,mazepine,ip,rit,ap,hy,xen,stine,ofen,Elsi Andretti takes drug pomalidom,Elsi Andretti takes drug lamivudine,Clim Lampe takes drug carbamazepine,Clim Lampe takes drug amlodip,Clim Lampe takes drug gilterit,Clim Lampe takes drug quetiap,Clim Lampe takes drug l-methy,Clim Lampe takes drug naproxen.,Clim Lampe takes drug carmustine.,Clim Lampe takes drug ibuprofen
lovastatin,ibrit,d,et,ib,g cital,f,nasiden,etoconaz,ertral,orcap,Emmett Ogilson takes drug ibrit,Emmett Ogilvie takes drug d,Emmett Ogilvie takes drug et,Emmett Ogilvie takes drug ib,Emmett Ogilander takes drug cital,Emmett Ogilvie takes drug f,Estell Casoni takes drug enasiden,Estell Casoni takes drug ketoconaz,Estell Casoni takes drug sertral,Estell Casoni takes drug lorcap
ezetimibe,amlodip,duloxet,cytarabine,duloxet,vincristine,naproxen,ibuprofen,enasidenib,diclof,decitabine,Bradney Leek takes drug amlodip,Bradney Leek takes drug duloxet,Bradney Leek takes drug cytarabine,Bradney Leek takes drug duloxet,Bradney Leek takes drug vincristine,Bradney Leek takes drug naproxen.,Bradney Leek takes drug ibuprofen,Bradney Leek takes drug enasidenib,Bradney Leek takes drug diclof,Bradney Leek takes drug decitabine
gemfibrozil,arbamaz,arbamaz,ton,iac,meloxicam,pomalid,paliperid,sertral,risperid,nabumet,Vasilis Cobble takes drug carbamaz,Vasilis Coburn takes drug carbamaz,Vasilis Cobbs takes drug riton,Vasilis Cobber takes drug niac,Torry Tedorenko takes drug meloxicam,Torry Tedorenko takes drug pomalid,Torry Tedorenko takes drug paliperid,Torry Tedorenko takes drug sertral,Torry Tedorenko takes drug risperid,Torry Tedorenko takes drug nabumet
niacin,cetaminophen,ripip,cetaminophen,etoconaz,mlod,lpraz,arbamazep,ripip,delalisib,iclofen,Pietra Russill takes drug acetaminophen,Pietra Russill takes drug aripip,Pietra Russill takes drug acetaminophen,Pietra Russill takes drug ketoconaz,Pietra Russill takes drug amlod,Pietra Russill takes drug alpraz,Pietra Russill takes drug carbamazep,Pietra Russill takes drug aripip,Norina Barnett takes drug idelalisib.,Norina Barnett takes drug diclofen
ezetimibe AND simvastatin,arbamazepine,ytarabine,lamivud,melphalan,terbina,citalop,ug terb,fluoxet,pomalid,dulox,Norina Barnett takes drug carbamazepine.,Norina Barnett takes drug cytarabine.,Courtenay Reyna takes drug lamivud,Courtenay Reyna takes drug melphalan,Courtenay Reyna takes drug terbina,Courtenay Reyna takes drug citalop,Courtenay Reynaard takes drug terb,Courtenay Reyna takes drug fluoxet,Courtenay Reyna takes drug pomalid,Courtenay Reyna takes drug dulox
fenofibric acid,meloxicam,clonaz,terbina,clozap,aspirin,dicl,arbazepine,zapine,lofen,peridone,Janina Whawell takes drug meloxicam,Janina Whawell takes drug clonaz,Janina Whawell takes drug terbina,Janina Whawell takes drug clozap,"Janina Whawell takes drug aspirin.
",Janina Whawell takes drug dicl,Janie Court takes drug oxcarbazepine,Janie Court takes drug clozapine.,Janie Court takes drug diclofen,Janie Court takes drug risperidone.
meloxicam,ibritumom,isosorbide,metoprolol,atorvast,paliperidone,rosuvast,cadexomer,risperidone,ezetim,emtricit,Constanta Farley takes drug ibritumom,Constanta Farley takes drug isosorbide,Constanta Farley takes drug metoprolol,Constanta Farley takes drug atorvast,Constanta Farley takes drug paliperidone,Constanta Farley takes drug rosuvast,Constanta Farley takes drug cadexomer,Constanta Farley takes drug risperidone,Constanta Farley takes drug ezetim,Constanta Farley takes drug emtricit
diclofenac,tezom,lof,lof,binafine,g alpraz,g fenof,g metoprol,g citalop,g cytarab,g ketoconaz,Darill Wase takes drug bortezom,Darill Wase takes drug diclof,Darill Wase takes drug diclof,Darill Wase takes drug terbinafine,Louis Piscopello takes drug alpraz,Louis Piscopello takes drug fenof,Louis Piscopello takes drug metoprol,Louis Piscopello takes drug citalop,Louis Piscopello takes drug cytarab,Louis Piscopello takes drug ketoconaz
naproxen,g ritonav,g gilter,g ritux,drug riton,g paliperid,drug diazep,drug risper,g cyclophosph,g chondroitin,g vincristine,Dory Ivanchen takes drug ritonav,Dory Ivanchen takes drug gilter,Dory Ivanchen takes drug ritux,Dory Ivanchenkov takes drug riton,Dory Ivanchen takes drug paliperid,Dory Ivanchenkov takes drug diazep,Dory Ivanchenkov takes drug risper,Dory Ivanchen takes drug cyclophosph,William Fansy takes drug chondroitin AND,William Fansy takes drug vincristine.
ibuprofen,alopram,oxetine,iap,navir,dip,in,ustine,xetine,droitin,aminophen,William Fansy takes drug citalopram.,William Fansy takes drug duloxetine,Jarib Craven takes drug quetiap,Jarib Craven takes drug ritonavir,Jarib Craven takes drug amlodip,Jarib Craven takes drug niacin.,Jarib Craven takes drug carmustine.,Jarib Craven takes drug fluoxetine,Jarib Craven takes drug chondroitin,Jarib Craven takes drug acetaminophen.
celecoxib,ug acetamin,ug cade,rug is,ug ketocon,ug niac,rug daun,g fluoxetine,g ibuprofen,g metoprolol,g diclof,Yehudit Dunlap takes drug acetamin,Yehudit Dunham takes drug cade,Yehudit Dunckel takes drug is,Yehudit Dunlap takes drug ketocon,Yehudit Dunbar takes drug niac,Yehudit Dunford takes drug daun,Calvin Drover takes drug fluoxetine,Calvin Drover takes drug ibuprofen,Calvin Drover takes drug metoprolol,Calvin Drover takes drug diclof
chondroitin AND glucosamine,cytarab,atorv,rug riton,lamot,nabumet,idelalis,carbamazep,cytarab,risperid,ibritum,Jasmine Purcer takes drug cytarab,Jasmine Purcer takes drug atorv,Jasmine Purceridge takes drug riton,Jasmine Purceri takes drug lamot,Jasmine Purcer takes drug nabumet,Jasmine Purcer takes drug idelalis,Jasmine Purcer takes drug carbamazep,Jasmine Purcer takes drug cytarab,Jasmine Purcer takes drug risperid,Jasmine Purcer takes drug ibritum
diclofenac,oxen,ar,sid,tum,eridone,conazole,tumomab,rabine AND,xetine,otrexate,Gerti Fleck takes drug naproxen,Gerti Fleck takes drug fludar,Gerti Fleck takes drug lurasid,Gerti Fleck takes drug ibritum,Tam Betonia takes drug risperidone.,Tam Betonia takes drug ketoconazole.,Tam Betonia takes drug ibritumomab,Tam Betonia takes drug cytarabine AND,Tam Betonia takes drug duloxetine,Tam Betonia takes drug methotrexate.
etodolac,metoprolol,clozapine,cadexomer,emtricit,quetiap,quetiap,risperidone,diclof,g carmustine,g enoxaparin,Eryn Persitt takes drug metoprolol,Eryn Persitt takes drug clozapine,Eryn Persitt takes drug cadexomer,Eryn Persitt takes drug emtricit,Eryn Persitt takes drug quetiap,Eryn Persitt takes drug quetiap,Eryn Persitt takes drug risperidone,Eryn Persitt takes drug diclof,"Norrie Hubble takes drug carmustine.
",Norrie Hubble takes drug enoxaparin.
prednisone,lamivudine,dithromorphs,sertral,fluoxet,ditalfen,fludar,naproxen,fluoxet,clozap,cadex,Norrie Hubble takes drug lamivudine.,Norrie Hubble takes drug dithromorphs,Netta Toombes takes drug sertral,Netta Toombes takes drug fluoxet,Netta Toombes takes drug ditalfen,Netta Toombes takes drug fludar,Netta Toombes takes drug naproxen,Netta Toombes takes drug fluoxet,Netta Toombes takes drug clozap,Netta Toombes takes drug cadex
aspirin,tim,ostaurin,peridone,profen,peridone,razol,queti,aripip,dicl,clonaz,Galen Acom takes drug ezetim,Galen Acom takes drug midostaurin,Galen Acom takes drug risperidone,Galen Acom takes drug ibuprofen,Galen Acom takes drug risperidone,Galen Acom takes drug alprazol,Frasco Symcox takes drug queti,Frasco Symcox takes drug aripip,Frasco Symcox takes drug dicl,Frasco Symcox takes drug clonaz
nabumetone,uloxet,itonavir,omalidom,mlodip,iclof,isperidone,uetiap,isdexam,iclof,amivudine,Herby Preedy takes drug duloxet,Herby Preedy takes drug ritonavir,Herby Preedy takes drug pomalidom,Herby Preedy takes drug amlodip,Herby Preedy takes drug diclof,Herby Preedy takes drug risperidone,Herby Preedy takes drug quetiap,Herby Preedy takes drug lisdexam,Herby Preedy takes drug diclof,Herby Preedy takes drug lamivudine
duloxetine,arbamazepine,isperidone,ortezom,cetaminophen,loraz,metoprol,ketoconaz,emtric,dulox,naproxen,Ayn Cromb takes drug carbamazepine,Ayn Cromb takes drug risperidone,Ayn Cromb takes drug bortezom,Ayn Cromb takes drug acetaminophen.,Dewey Kayne takes drug loraz,Dewey Kayne takes drug metoprol,Dewey Kayne takes drug ketoconaz,Dewey Kayne takes drug emtric,Dewey Kayne takes drug dulox,Dewey Kayne takes drug naproxen
modafinil,diazepam,amlodipine,fenofibric,lamivudine,risperidone,alprazolam,diclofen,vincristine,ug ter,ug p,"Garald Connor takes drug diazepam.
",Garald Connor takes drug amlodipine,Garald Connor takes drug fenofibric,Garald Connor takes drug lamivudine.,Garald Connor takes drug risperidone.,Garald Connor takes drug alprazolam,Garald Connor takes drug diclofen,Garald Connor takes drug vincristine.,Drusi Hothersall takes drug ter,Drusi Hothersall takes drug p
duloxetine,rug ib,rug ris,chondroit,gilter,ketoconaz,fludar,g lisd,ug naprox,g acetamin,pravast,Drusi Hothersall takes drug ib,Drusi Hotherwald takes drug ris,Berkley Jopp takes drug chondroit,Berkley Jopp takes drug gilter,Berkley Jopp takes drug ketoconaz,Berkley Jopp takes drug fludar,Berkley Joppan takes drug lisd,Berkley Joppick takes drug naprox,Berkley Joppen takes drug acetamin,Berkley Jopp takes drug pravast
lisdexamfetamine,ug ibuprofen,ug naproxen,ug ibuprofen,ug rituxim,ug fludarab,ug cytarabine,kes drug,kes drug,kes drug,kes drug,Giff Comport takes drug ibuprofen,Giff Comport takes drug naproxen.,Giff Comport takes drug ibuprofen,Giff Comport takes drug rituxim,Giff Comport takes drug fludarab,Giff Comport takes drug cytarabine,Cassondra Pearlman takes drug diazepam,Cassondra Pearlman takes drug clonaz,Cassondra Pearlman takes drug aripip,Cassondra Pearlman takes drug aripip
amantadine,ritonavir,simvastatin,naproxen,fluoxetine,rosuvast,diclof,lurasidone,quetiap,ketoconazole,amlodip,Dani Bangs takes drug ritonavir,Dani Bangs takes drug simvastatin,Dani Bangs takes drug naproxen.,Dani Bangs takes drug fluoxetine,Dani Bangs takes drug rosuvast,Dani Bangs takes drug diclof,Dani Bangs takes drug lurasidone,Dani Bangs takes drug quetiap,Dani Bangs takes drug ketoconazole,Dani Bangs takes drug amlodip
armodafinil,lamivud,dicl,citalop,naproxen,ezet,sertral,amlod,queti,dicl,gilter,Flem Yanshin takes drug lamivud,Flem Yanshin takes drug dicl,Flem Yanshin takes drug citalop,Flem Yanshin takes drug naproxen,Ulick Grundy takes drug ezet,Ulick Grundy takes drug sertral,Ulick Grundy takes drug amlod,Ulick Grundy takes drug queti,Ulick Grundy takes drug dicl,Ulick Grundy takes drug gilter
ibuprofen,ibuprofen,clozapine,lurasidone,vincristine,risperidone,metoprolol,lamotrigine,amlodip,ug acetaminophen,ug vincristine,Amalia Hotton takes drug ibuprofen,Amalia Hotton takes drug clozapine,Amalia Hotton takes drug lurasidone,Amalia Hotton takes drug vincristine,Amalia Hotton takes drug risperidone,Amalia Hotton takes drug metoprolol,Amalia Hotton takes drug lamotrigine,Amalia Hotton takes drug amlodip,Shari Drinkhill takes drug acetaminophen.,Shari Drinkhill takes drug vincristine
naproxen,g diclof,g methotrexate,roxen,profen,viren,oxet,cristine,oxicam,arabine,peridone,Shari Drinkhill takes drug diclof,Shari Drinkhill takes drug methotrexate,Ellen Cuel takes drug naproxen.,Ellen Cuel takes drug ibuprofen,Ellen Cuel takes drug efaviren,Ellen Cuel takes drug duloxet,Ellen Cuel takes drug vincristine,Ellen Cuel takes drug meloxicam.,Ellen Cuel takes drug cytarabine,Ellen Cuel takes drug risperidone
acetaminophen,iapine,navir,vudine,rin Patient,ristine,tumumab,oxet,dexam,irin Pat,onavir,Valene Helm takes drug quetiapine,Valene Helm takes drug ritonavir.,Valene Helm takes drug lamivudine.,"Valene Helm takes drug aspirin.
Patient",Valene Helm takes drug vincristine.,Valene Helm takes drug daratumumab,Iorgo Kramer takes drug duloxet,Iorgo Kramer takes drug lisdexam,"Iorgo Kramer takes drug aspirin.
Pat",Iorgo Kramer takes drug ritonavir
diclofenac,s drug,s drug,s drug,s drug,s drug,s drug,s drug,s drug,s drug,s drug,Morissa Godspeede takes drug lurasid,Morissa Godspeede takes drug haloperid,Morissa Godspeede takes drug ibupro,Morissa Godspeede takes drug citalop,Morissa Godspeede takes drug fluoxet,Morissa Godspeede takes drug queti,Morissa Godspeede takes drug amlod,Morissa Godspeede takes drug risperid,Morissa Godspeede takes drug ritux,Morissa Godspeede takes drug ketoconaz
nabumetone,g amlodip,g citalopram,g ezetim,g carbamazepine,clozapine,duloxet,haloperidol,fluoxetine,ibuprofen,acetaminophen,Scott Pelerin takes drug amlodip,Scott Pelerin takes drug citalopram,Scott Pelerin takes drug ezetim,Scott Pelerin takes drug carbamazepine,Dasha Blant takes drug clozapine,Dasha Blant takes drug duloxet,Dasha Blant takes drug haloperidol,Dasha Blant takes drug fluoxetine,Dasha Blant takes drug ibuprofen,Dasha Blant takes drug acetaminophen.
quetiapine,rug gilterit,rug fenofib,rug duloxet,rug risperidone,rug terbinafine,rug paliperidone,rug pomalidom,rug clozapine,ketoconazole,enasidenib,Nicolas Harborow takes drug gilterit,Nicolas Harborow takes drug fenofib,Nicolas Harborow takes drug duloxet,Nicolas Harborow takes drug risperidone,Nicolas Harborow takes drug terbinafine,Nicolas Harborow takes drug paliperidone,Nicolas Harborow takes drug pomalidom,Nicolas Harborow takes drug clozapine,Homere Rutty takes drug ketoconazole,Homere Rutty takes drug enasidenib
lamotrigine,umom,in Pat,emt,g c,az,,p,ml,alis,r,Homere Rutty takes drug ibritumom,"Homere Rutty takes drug aspirin.
Pat",Cristina Tardalis takes drug emt,Cristina Tardigrini takes drug c,Cristina Tard takes drug clonaz,"Cristina Tardif's husband, C",Cristina Tardin takes drug alp,Cristina Tardier takes drug aml,Cristina Tard takes drug idelalis,Cristina Tardiford takes drug r
lithium,ug ezet,ug lovastatin,ug efav,ug vincrist,ug dicl,ug idelalis,paliperid,dicl,celecoxib,risperid,Stuart Larchiere takes drug ezet,Stuart Larchiere takes drug lovastatin,Stuart Larchiere takes drug efav,Stuart Larchiere takes drug vincrist,Stuart Larchiere takes drug dicl,Stuart Larchiere takes drug idelalis,Barry Cardenas takes drug paliperid,Barry Cardenas takes drug dicl,Barry Cardenas takes drug celecoxib,Barry Cardenas takes drug risperid
risperidone,paliperid,lisinamide,carmustaline,chondroit,lamivud,pravast,melphalan,nabumet,ritux,dulox,Dona Elsmor takes drug paliperid,Dona Elsmor takes drug lisinamide,Dona Elsmor takes drug carmustaline,Dona Elsmor takes drug chondroit,Dona Elsmor takes drug lamivud,Dona Elsmor takes drug pravast,Dona Elsmor takes drug melphalan,Dona Elsmor takes drug nabumet,Dona Elsmor takes drug ritux,Dona Elsmor takes drug dulox
fluoxetine,cytarab,ritux,ibupro,citalop,carbamazepine,terbinafine,gemtuzum,ritonavir,paliperidone,lamivudine,Briant Bastin takes drug cytarab,Briant Bastin takes drug ritux,Briant Bastin takes drug ibupro,Briant Bastin takes drug citalop,Tamara Garvin takes drug carbamazepine,Tamara Garvin takes drug terbinafine,Tamara Garvin takes drug gemtuzum,Tamara Garvin takes drug ritonavir,Tamara Garvin takes drug paliperidone,Tamara Garvin takes drug lamivudine
olanzapine,mivudine,loxet,ritumom,speridone,udarom,etiap,rtezom,loxet,g niacin,g dulox,Hal Bohlsen takes drug lamivudine,Hal Bohlsen takes drug duloxet,Hal Bohlsen takes drug ibritumom,Hal Bohlsen takes drug risperidone,Hal Bohlsen takes drug fludarom,Hal Bohlsen takes drug quetiap,Hal Bohlsen takes drug bortezom,Hal Bohlsen takes drug duloxet,Allianora Avann takes drug niacin,Allianora Avann takes drug dulox
buspirone,rug fludar,rug loraz,aripipraz,amantadine,ritonavir,pomalidom,lisdexam,ibuprofen,miconazole,aripipraz,Allianora Avann takes drug fludar,Allianora Avann takes drug loraz,Tania Boxer takes drug aripipraz,Tania Boxer takes drug amantadine,Tania Boxer takes drug ritonavir,Tania Boxer takes drug pomalidom,Tania Boxer takes drug lisdexam,Tania Boxer takes drug ibuprofen,Tania Boxer takes drug miconazole,Tania Boxer takes drug aripipraz
clonazepam,spirin Pat,ertraline,britumom,arbamazepine,uloxet,elecoxib,abum,cytar,car,ytar,"Clarke Junifer takes drug aspirin.
Pat",Clarke Junifer takes drug sertraline,Clarke Junifer takes drug ibritumom,Clarke Junifer takes drug carbamazepine,Clarke Junifer takes drug duloxet,Clarke Junifer takes drug celecoxib.,Lana MacLleary takes drug nabum,Lana MacLlellan takes drug cytar,Lana MacLleweyn takes drug car,Lana MacLleavy takes drug cytar
sertraline,emt,incrist,vinc,ug cloz,isdex,g ef,fluox,g isos,lisd,erbina,Hinze Lisset takes drug emt,Hinze Liss takes drug vincrist,Hinze Lissom takes drug vinc,Hinze Lissette takes drug cloz,Hinze Liss takes drug lisdex,Hinze Lissett takes drug ef,Hinze Lisset takes drug fluox,Hinze Lissner takes drug isos,Hinze Lissig takes drug lisd,Hinze Liss takes drug terbina
aripiprazole,drug fluoxet,drug nabumet,drug metoclop,drug ritonav,enoxaparin,diclof,alprazol,diclof,acetaminophen,naproxen,Oralla Danielovitch takes drug fluoxet,Oralla Danielovitch takes drug nabumet,Oralla Danielovitch takes drug metoclop,Oralla Danielovitch takes drug ritonav,Joelle Archley takes drug enoxaparin,Joelle Archley takes drug diclof,Joelle Archley takes drug alprazol,Joelle Archley takes drug diclof,Joelle Archley takes drug acetaminophen.,Joelle Archley takes drug naproxen.
topiramate,rofen,inafine,of,eridone,of,im,lopram,apine,fluoxet,naproxen,Fara Ladel takes drug ibuprofen,Fara Ladel takes drug terbinafine,Fara Ladel takes drug diclof,Fara Ladel takes drug risperidone,Fara Ladel takes drug diclof,Fara Ladel takes drug ezetim,Fara Ladel takes drug citalopram,Fara Ladel takes drug clozapine,Vitoria Fayter takes drug fluoxet,Vitoria Fayter takes drug naproxen
diazepam,fluoxet,lamivud,lisdexamfet,ibuprofen,diclofen,carbamazepine,ketoconazole,niacin,methotrexate,acetaminophen,Vitoria Fayter takes drug fluoxet,Vitoria Fayter takes drug lamivud,Roshelle Sapp takes drug lisdexamfet,Roshelle Sapp takes drug ibuprofen.,Roshelle Sapp takes drug diclofen,Roshelle Sapp takes drug carbamazepine.,Roshelle Sapp takes drug ketoconazole.,"Roshelle Sapp takes drug niacin.
",Roshelle Sapp takes drug methotrexate.,"Roshelle Sapp takes drug acetaminophen.
"
lorazepam,,l,,er,p,,,,op,,Federica Cusio takes drug terb,Federica Cusack takes drug cital,Federica Cusack takes drug gil,Federica Cusick takes drug risper,Federica Cuschley takes drug nap,Federica Cusack takes drug dic,Cymbre Ziemekin takes drug nap,Cymbre Ziemwiecki takes drug,Cymbre Zieminski takes drug metop,Cymbre Ziemlian takes drug f
escitalopram,risperidone,cytarabine,diclof,pomalidom,fluoxetine,risperidone,pravastatin,risperidone,diclof,clozapine,Austen Bentke takes drug risperidone,Austen Bentke takes drug cytarabine,Austen Bentke takes drug diclof,Austen Bentke takes drug pomalidom,Austen Bentke takes drug fluoxetine,Austen Bentke takes drug risperidone,Austen Bentke takes drug pravastatin,Austen Bentke takes drug risperidone,Austen Bentke takes drug diclof,Austen Bentke takes drug clozapine
divalproex sodium,niac,rit,paliper,meloxic,er,nav,met,,d,xicam,Morgen Gascoine takes drug niac,Morgen Gascoine takes drug rit,Morgen Gascoigne takes drug paliper,Morgen Gascoine takes drug meloxic,Ely Parnell takes drug gilter,Ely Parnell takes drug ritonav,Ely Parnell takes drug nabumet,Ely Parnell takes drug efav,Ely Parnell takes drug amlod,Ely Parnell takes drug meloxicam
alprazolam,carbamazepine,naproxen,clozapine,ibritumom,vincristine,naproxen,methotrexate,niacin,drug carfil,drug ibrit,Durant Keavy takes drug carbamazepine,Durant Keavy takes drug naproxen.,Durant Keavy takes drug clozapine,Durant Keavy takes drug ibritumom,Durant Keavy takes drug vincristine,Durant Keavy takes drug naproxen.,Durant Keavy takes drug methotrexate,Durant Keavy takes drug niacin.,Blancha Sedgwick takes drug carfil,Blancha Sedgwick takes drug ibrit
clozapine,rug prav,rug enas,g fenof,g citalop,g haloperid,g loraz,g ibrut,g methotrex,g terbina,g lisdex,Blancha Sedgwick takes drug prav,Blancha Sedgwick takes drug enas,Ingunna Samett takes drug fenof,Ingunna Samett takes drug citalop,Ingunna Samett takes drug haloperid,Ingunna Samett takes drug loraz,Ingunna Samett takes drug ibrut,Ingunna Samett takes drug methotrex,Ingunna Samett takes drug terbina,Ingunna Samett takes drug lisdex
oxcarbazepine,oxicam,peridone,razol,ivudine,lof,operidol,citalop,efav,lamivud,nabumet,Amby Shipsey takes drug meloxicam.,Amby Shipsey takes drug risperidone,Amby Shipsey takes drug alprazol,Amby Shipsey takes drug lamivudine,Amby Shipsey takes drug diclof,Amby Shipsey takes drug haloperidol,Laurene Copcott takes drug citalop,Laurene Copcott takes drug efav,Laurene Copcott takes drug lamivud,Laurene Copcott takes drug nabumet
citalopram,rosuv,dicl,carbamazep,risperid,loxap,idelalis,nabumet,ritonav,clozap,bortez,Mozelle Doogue takes drug rosuv,Mozelle Doogue takes drug dicl,Mozelle Doogue takes drug carbamazep,Mozelle Doogue takes drug risperid,Mozelle Doogue takes drug loxap,Mozelle Doogue takes drug idelalis,Mozelle Doogue takes drug nabumet,Mozelle Doogue takes drug ritonav,Mozelle Doogue takes drug clozap,Mozelle Doogue takes drug bortez
haloperidol,ug pomalid,ug olanz,ug methotrex,ug ezet,drug terb,ug aml,ug aml,g cloz,ug fluox,lor,Ambrosius Fines takes drug pomalid,Ambrosius Fines takes drug olanz,Ambrosius Fines takes drug methotrex,Ambrosius Fines takes drug ezet,Ilyssa Pilipovich takes drug terb,Ilyssa Pilipark takes drug aml,Ilyssa Pilipino takes drug aml,Ilyssa Pilipac takes drug cloz,Ilyssa Pilipius takes drug fluox,Ilyssa Pilipa takes drug lor
lurasidone,filz,od,taminophen,nol,asid,ux,l,az,idenib,dip,Cary Morrott takes drug carfilz,Cary Morrott takes drug amlod,Cary Morrott takes drug acetaminophen,Cary Morrott takes drug atenol,Cary Morrott takes drug lurasid,Cary Morrott takes drug ritux,Cary Morrott takes drug dicl,Cary Morrott takes drug loraz,Risa Pester takes drug enasidenib,Risa Pester takes drug amlodip
l-methylfolate,ricit,oxetine,g meloxicam,g ketoconazole,g citalopram,g lamivudine,g lurasidone,g glasdegib,g diclof,g naproxen,Risa Pester takes drug emtricit,Risa Pester takes drug fluoxetine,Torrie Adlington takes drug meloxicam.,Torrie Adlington takes drug ketoconazole,Torrie Adlington takes drug citalopram,Torrie Adlington takes drug lamivudine,Torrie Adlington takes drug lurasidone,Torrie Adlington takes drug glasdegib,Torrie Adlington takes drug diclof,Torrie Adlington takes drug naproxen.
carbamazepine,l,dic,quet,g ibup,quet,ug ter,anz,elalis,uoxet,rbina,Benedikta Huberd takes drug l,Benedikta Huber takes drug dic,Benedikta Huart takes drug quet,Benedikta Hueston takes drug ibup,Benedikta Huber takes drug quet,Benedikta Huberton takes drug ter,Maxie Dumphry takes drug olanz,Maxie Dumphry takes drug idelalis,Maxie Dumphry takes drug fluoxet,Maxie Dumphry takes drug terbina
asenapine,daratumumab,fluoxetine,idelalisib,carbamazepine,pomalidomide,aspirin Patient,risperidone,ibritumomab,simvastatin,loxapine,Dev Rottery takes drug daratumumab,Dev Rottery takes drug fluoxetine.,Dev Rottery takes drug idelalisib.,Dev Rottery takes drug carbamazepine.,Dev Rottery takes drug pomalidomide,"Dev Rottery takes drug aspirin.
Patient",Dev Rottery takes drug risperidone.,Dev Rottery takes drug ibritumomab,Dev Rottery takes drug simvastatin.,Dev Rottery takes drug loxapine.
paliperidone,dasatin,divalpro,divalpro,cadex,imvast,lpraz,ytarab,armustine,ytarab,udar,Antonius Jepps takes drug dasatin,Antonius Jepps takes drug divalpro,Antonius Jepps takes drug divalpro,Antonius Jepps takes drug cadex,Marven Grouer takes drug simvast,Marven Grouer takes drug alpraz,Marven Grouer takes drug cytarab,Marven Grouer takes drug carmustine,Marven Grouer takes drug cytarab,Marven Grouer took drug fludar
ketoconazole,rug risperidone,rug ezetimibe,rug ezetimibe,rug efavirenz,rug ketoconazole,rug olanzapine,rug niacin,rug quetiapine,lphalan,etaminophen,Garry Shakespeare takes drug risperidone.,Garry Shakespeare takes drug ezetimibe,Garry Shakespeare takes drug ezetimibe,Garry Shakespeare takes drug efavirenz,Garry Shakespeare takes drug ketoconazole.,Garry Shakespeare takes drug olanzapine,"Garry Shakespeare takes drug niacin.
",Garry Shakespeare takes drug quetiapine,Madlen Izen takes drug melphalan.,Madlen Izen takes drug acetaminophen.
terbinafine,ne,m,,t,on,rox,,al,t,,Madlen Izen takes drug loxapine,Madlen Izen takes drug rituxim,Daisey McKeady takes drug dul,Daisey McKeady takes drug lort,Daisey McKeady takes drug riton,Daisey McKeady takes drug naprox,Daisey McKeady takes drug ef,Daisey McKeady takes drug cital,Daisey McKeady takes drug quet,Daisey McKeady takes drug dul
ketoconazole,ug fludar,ug lamivud,ug acetaminophen,ug lamivud,ug ibupro,ug ritux,diclofen,lamivudine,niacin,fluoxetine,Cosme Casewell takes drug fludar,Cosme Casewell takes drug lamivud,Cosme Casewell takes drug acetaminophen,Cosme Casewell takes drug lamivud,Cosme Casewell takes drug ibupro,Cosme Casewell takes drug ritux,Kay Crowter takes drug diclofen,Kay Crowter takes drug lamivudine.,"Kay Crowter takes drug niacin.
",Kay Crowter takes drug fluoxetine.
terbinafine,drug metop,drug terb,drug lamiv,drug ketocon,drug naprox,drug cital,drug celecox,drug dic,drug carbamaz,drug naprox,Lorraine Archambault takes drug metop,Lorraine Archambault takes drug terb,Lorraine Archambault takes drug lamiv,Lorraine Archambault takes drug ketocon,Lorraine Archambault takes drug naprox,Lorraine Archambault takes drug cital,Lorraine Archambault takes drug celecox,Lorraine Archambault takes drug dic,Lorraine Archambault takes drug carbamaz,Lorraine Archambault takes drug naprox
terbinafine,azepam,loxicam,etaminophen,loxet,lodipine,clofen,lodipine,loxetine,razepam,alidomide,Sadie Durrad takes drug diazepam.,Sadie Durrad takes drug meloxicam.,Sadie Durrad takes drug acetaminophen.,Sadie Durrad takes drug duloxet,Craig Strood takes drug amlodipine,Craig Strood takes drug diclofen,Craig Strood takes drug amlodipine,Craig Strood takes drug duloxetine,Craig Strood takes drug lorazepam,Craig Strood takes drug thalidomide.
terbinafine,ug flud,ug terb,drug fl,ug chond,g pom,dicl,rug naprox,dicl,g terbina,g queti,Jemimah Goward takes drug flud,Jemimah Gowton takes drug terb,Jemimah Gowthorp takes drug fl,Jemimah Gowans takes drug chond,Jemimah Gowel takes drug pom,Jemimah Gow takes drug dicl,Jemimah Gowland takes drug naprox,Jemimah Gow takes drug dicl,Niles Piddock takes drug terbina,Niles Piddock takes drug queti
terbinafine,,,ine,it,,,,m,d,,Niles Piddock takes drug amlod,Niles Piddock takes drug daunor,Bev Fullalove takes drug carmustine,Bev Fullalove takes drug chondroit,Bev Fullalove takes drug cytarab,Bev Fullalove takes drug amlod,Bev Fullalove takes drug pravast,Bev Fullalove takes drug diazepam,Bev Fullalove takes drug risperid,Bev Fullalove takes drug lurasid
terbinafine,rug vinc,drug ef,rug dic,drug riton,rug cytar,ug lisdex,fluoxet,fludar,cytarab,cytarab,Giordano Guideri takes drug vinc,Giordano Guideran takes drug ef,Giordano Guidera takes drug dic,Giordano Guideron takes drug riton,Giordano Guidera takes drug cytar,Giordano Guider takes drug lisdex,Jacky Leipold takes drug fluoxet,Jacky Leipold takes drug fludar,Jacky Leipold takes drug cytarab,Jacky Leipold takes drug cytarab
ibuprofen,,lox,,,,,t,,ex,,Averil O'Dowd takes drug,Averil O'Donnell takes drug lox,Averil O'Dowda takes drug,Averil O'Conner takes drug b,Averil O'Dowall takes drug,Averil O'Flynn takes drug c,Averil O'Brien takes drug rit,Averil O'Byrne takes drug,Averil O'Rourke takes drug dex,Averil O'Regan takes drug ib
naproxen,t,idel,od,riton,oxen,ristine,ristine,rin Pat,astatin,rofen,Grethel MacComis takes drug ezet,Grethel MacComiskey takes drug idel,Grethel MacComis takes drug amlod,Grethel MacComiskey takes drug riton,Price Edworthie takes drug naproxen.,Price Edworthie takes drug vincristine,Price Edworthie takes drug vincristine,"Price Edworthie takes drug aspirin.
Pat",Price Edworthie takes drug pravastatin,Price Edworthie takes drug ibuprofen
acetaminophen,clof,proxen,rmustine,xapine,speridone,ipipraz,speridone,tarabine,citalop,niacin,Valma Wharton takes drug diclof,Valma Wharton takes drug naproxen.,Valma Wharton takes drug carmustine.,Valma Wharton takes drug loxapine,Valma Wharton takes drug risperidone,Valma Wharton takes drug aripipraz,Valma Wharton takes drug risperidone,Valma Wharton takes drug cytarabine,Terrye Jaskowicz takes drug citalop,Terrye Jaskowicz takes drug niacin
diclofenac,ug carbamazep,ug terbina,drug idelalis,drug risperid,drug clozap,drug risperid,drug queti,drug cytarab,drug ezet,drug loxap,Terrye Jaskowicz takes drug carbamazep,Terrye Jaskowicz takes drug terbina,Marina McKitterick takes drug idelalis,Marina McKitterick takes drug risperid,Marina McKitterick takes drug clozap,Marina McKitterick takes drug risperid,Marina McKitterick takes drug queti,Marina McKitterick takes drug cytarab,Marina McKitterick takes drug ezet,Marina McKitterick takes drug loxap
nabumetone,oz,,on,s,,rb,isos,riton,dic,cytar,Halsey Doerner takes drug cloz,Halsey Doerksen takes drug l,Halsey Doerbe takes drug riton,Halsey Doerre takes drug enas,Halsey Doerff takes drug dul,Halsey Doerfel takes drug carb,Edlin Gilbertson takes drug isos,Edlin Gilbertson takes drug riton,Edlin Gilbertson takes drug dic,Edlin Gilbertson takes drug cytar
ibuprofen,roitin,xam,eridol,udine,etone,etone,zep,ap,opram,ip,Manya Woolatt takes drug chondroitin,Manya Woolatt takes drug lisdexam,Manya Woolatt takes drug haloperidol,Manya Woolatt takes drug lamivudine,Manya Woolatt takes drug nabumetone,Manya Woolatt takes drug nabumetone,Manya Woolatt takes drug clonazep,Manya Woolatt takes drug quetiap,Manya Woolatt takes drug citalopram,Manya Woolatt takes drug amlodip
naproxen,rug p,d,g p,rbamaz,ilter,icl,iazepam,elecoxib,ueti,erbina,Salvatore Yankovich takes drug p,Salvatore Yudin takes drug d,Salvatore Yendley takes drug p,Salvatore Yee takes drug carbamaz,Truda Henkmann takes drug gilter,Truda Henkmann takes drug dicl,Truda Henkmann takes drug diazepam,Truda Henkmann takes drug celecoxib,Truda Henkmann takes drug queti,Truda Henkmann takes drug terbina
acetaminophen,risper,emt,il,tric,metop,terb,cytar,fluox,s drug,s drug,Glynnis Cutchett takes drug risper,Glynnis Cutchett takes drug emt,Glynnis Cutchee takes drug gil,Glynnis Cutche takes drug emtric,Glynnis Cutchett takes drug metop,Glynnis Cutchett takes drug terb,Glynnis Cutchefs takes drug cytar,Glynnis Cutchewer takes drug fluox,"Sherlock De Normanville takes drug aspirin.
",Sherlock De Normanville takes drug dicl
diclofenac,akes drug,akes drug,drug rit,rug lamiv,drug qu,rug naprox,rug dival,rug paliper,drug carb,drug cloz,Sherlock De Normanville takes drug cytarab,Sherlock De Normanville takes drug ritonav,Vincenty De Athans takes drug rit,Vincenty De Athal takes drug lamiv,Vincenty De Athlone takes drug qu,Vincenty De Athan takes drug naprox,Vincenty De Athan takes drug dival,Vincenty De Athol takes drug paliper,Vincenty De Athavar takes drug carb,Vincenty De Athman takes drug cloz
nabumetone,isdex,itonav,elphalan,xcarbaz,luoxet,ulox,praz,lox,motrig,liperid,Cecil Parkhouse takes drug lisdex,Cecil Parkhouse takes drug ritonav,Cecil Parkhouse takes drug melphalan,Cecil Parkhouse takes drug oxcarbaz,Cecil Parkhouse takes drug fluoxet,Cecil Parkhouse takes drug dulox,Gaelan Kenelin takes drug alpraz,Gaelan Kenelin takes drug dulox,Gaelan Kenelin takes drug lamotrig,Gaelan Kenelin takes drug paliperid
ibuprofen,ritonav,risperid,melphalan,ketoconaz,ritonav,olanz,fluoxet,risperid,aspirin,enasiden,Georgeta Crowther takes drug ritonav,Georgeta Crowther takes drug risperid,Georgeta Crowther takes drug melphalan,Georgeta Crowther takes drug ketoconaz,Georgeta Crowther takes drug ritonav,Georgeta Crowther takes drug olanz,Georgeta Crowther takes drug fluoxet,Georgeta Crowther takes drug risperid,"Georgeta Crowther takes drug aspirin.
",Georgeta Crowther takes drug enasiden
naproxen,ibritum,drug aml,g ef,cytarab,enof,ytarab,isperid,isperid,incrist,isdex,Nathalie Brave takes drug ibritum,Nathalie Braveheart takes drug aml,Nathalie Bravely takes drug ef,Nathalie Brave takes drug cytarab,Jeffy Sphinxe takes drug fenof,Jeffy Sphinxe takes drug cytarab,Jeffy Sphinxe takes drug risperid,Jeffy Sphinxe takes drug risperid,Jeffy Sphinxe takes drug vincrist,Jeffy Sphinxe takes drug lisdex
acetaminophen,ug midostaur,ug atorv,ug fenof,ug amlod,ug niacin,ug risperid,ug dulox,ug loraz,dul,ug cele,Julie Brokenshaw takes drug midostaur,Julie Brokenshaw takes drug atorv,Julie Brokenshaw takes drug fenof,Julie Brokenshaw takes drug amlod,Julie Brokenshaw takes drug niacin,Julie Brokenshaw takes drug risperid,Julie Brokenshaw takes drug dulox,Julie Brokenshaw takes drug loraz,Gertrud Glazer takes drug dul,Gertrud Glanvill takes drug cele
diclofenac,o,y,bine,stine,idone,st,pram,dine,bine,idone,Gertrud Gligoric takes drug o,Gertrud Glenden takes drug cy,Tate Sedge takes drug cytarabine,Tate Sedge takes drug vincristine,Tate Sedge takes drug risperidone,Tate Sedge takes drug rosuvast,Tate Sedge takes drug citalopram,Tate Sedge takes drug amantadine,Tate Sedge takes drug cytarabine,Tate Sedge takes drug risperidone
nabumetone,nof,dostaur,lter,etaminophen,ncrist,sperid,etaminophen,rbamazep,malid,sperid,Cecily Kemish takes drug fenof,Cecily Kemish takes drug midostaur,Cecily Kemish takes drug gilter,Cecily Kemish takes drug acetaminophen,Cecily Kemish takes drug vincrist,Cecily Kemish takes drug risperid,Vaughan Tamas takes drug acetaminophen,Vaughan Tamas takes drug carbamazep,Vaughan Tamas takes drug pomalid,Vaughan Tamas takes drug risperid
triamcinolone,risperidone,enasidenib,lithium Pat,carmustine,duloxet,diclof,quetiap,carbamazepine,celecoxib,lamivudine,Roze Onslow takes drug risperidone,Roze Onslow takes drug enasidenib,"Roze Onslow takes drug lithium.
Pat",Roze Onslow takes drug carmustine.,Roze Onslow takes drug duloxet,Roze Onslow takes drug diclof,Roze Onslow takes drug quetiap,Roze Onslow takes drug carbamazepine,Roze Onslow takes drug celecoxib.,Roze Onslow takes drug lamivudine
triamcinolone,loxapine,lamivudine,fludarab,quetiap,stine,xomer,peridol,im,vast,inafine,Ange Gawthrop takes drug loxapine,Ange Gawthrop takes drug lamivudine,Ange Gawthrop takes drug fludarab,Ange Gawthrop takes drug quetiap,Ken Fruin takes drug lomustine,Ken Fruin takes drug cadexomer,Ken Fruin takes drug haloperidol,Ken Fruin takes drug ezetim,Ken Fruin takes drug rosuvast,Ken Fruin takes drug terbinafine
quetiapine,ntadine,ndroitin,uvast,roxen,tiap,ethy,arabine,razol,g loxap,g dicl,Andie Krop takes drug amantadine,Andie Krop takes drug chondroitin,Andie Krop takes drug rosuvast,Andie Krop takes drug naproxen.,Andie Krop takes drug quetiap,Andie Krop takes drug l-methy,Andie Krop takes drug cytarabine,Andie Krop takes drug alprazol,Esmaria Pavlish takes drug loxap,Esmaria Pavlish takes drug dicl
lamotrigine,rug acetaminophen,rug dulox,ug pomalidom,ug diclof,ug quetiap,ug amlodip,ug fluoxetine,ug fluoxetine,ug ibuprofen,ug carmustine,Esmaria Pavlish takes drug acetaminophen,Esmaria Pavlish takes drug dulox,Meagan Ringham takes drug pomalidom,Meagan Ringham takes drug diclof,Meagan Ringham takes drug quetiap,Meagan Ringham takes drug amlodip,Meagan Ringham takes drug fluoxetine,Meagan Ringham takes drug fluoxetine,Meagan Ringham takes drug ibuprofen,Meagan Ringham takes drug carmustine.
lithium,g ib,drug,rug am,ug l,ug aspirin,ug mel,lurasidone,niacin,dasatinib,citalopram,Nathalie Pankin takes drug ib,Nathalie Puddifoot takes drug,Nathalie Pearsall takes drug am,Nathalie Pinnock takes drug l,Nathalie Pidgeon takes drug aspirin,Nathalie Pheliot takes drug mel,Hyman Goatcher takes drug lurasidone,Hyman Goatcher takes drug niacin.,Hyman Goatcher takes drug dasatinib,Hyman Goatcher takes drug citalopram
risperidone,diazepam,lamivudine,chondroitin,ezetim,amlodip,cytarabine,fluoxetine,ibritumom,quetiap,naproxen,Ax Stonehewer takes drug diazepam.,Ax Stonehewer takes drug lamivudine,Ax Stonehewer takes drug chondroitin,Ax Stonehewer takes drug ezetim,Ax Stonehewer takes drug amlodip,Ax Stonehewer takes drug cytarabine,Ax Stonehewer takes drug fluoxetine,Ax Stonehewer takes drug ibritumom,Ax Stonehewer takes drug quetiap,Ax Stonehewer takes drug naproxen.
fluoxetine,dulox,terbina,lamivud,idelalis,,,x,,,on,Madelyn Pithcock takes drug dulox,Madelyn Pithcock takes drug terbina,Madelyn Pithcock takes drug lamivud,Madelyn Pithcock takes drug idelalis,Nolie Skewes takes drug quet,Nolie Skewers takes drug dul,Nolie Skewes takes drug fluox,Nolie Skew takes drug atorv,Nolie Skewes takes drug idel,Nolie Skewery takes drug riton
olanzapine,s drug,s drug,takes drug,es drug,es drug,es drug,s drug,s drug,ug daunor,ug risperid,Davidson De la Yoke takes drug emt,Davidson De la Yere takes drug cloz,Davidson De la Yerevini takes drug,Davidson De la Yerde takes drug em,Davidson De la Yonge takes drug riton,Davidson De la Yanna takes drug ez,Davidson De la Ynco takes drug ter,Davidson De la Ynez takes drug lam,Godfree Zecchin takes drug daunor,Godfree Zecchin takes drug risperid
buspirone,,d,,,,,,,,,Godfree Zecchin takes drug ibritum,Godfree Zecchin takes drug paliperid,Elspeth Snasenfield takes drug fl,Elspeth Snassey takes drug cloz,Elspeth Snasdell takes drug ib,Elspeth Snasdell takes drug am,Elspeth Snasdell takes drug nap,Elspeth Snasdell takes drug f,Elspeth Snasdell takes drug acet,Elspeth Snasdell takes drug f
clonazepam,ort,ond,lamiv,ytar,isper,t,a,ol,th,,Melloney Poplett takes drug bort,Melloney Poplee takes drug chond,Melloney Popletta takes drug lamiv,Melloney Poplett takes drug cytar,Melloney Poplett takes drug risper,Melloney Poplee takes drug emt,Mame Yendle takes drug terbina,Mame Yendle takes drug metoprol,Mame Yendle takes drug dexameth,Mame Yendle takes drug gilter
sertraline,aprox,,rmust,iton,os,per,tocon,lph,ap,g,Dorella Dutcher takes drug naprox,Dorella Dutro takes drug l-,Dorella Dutrie takes drug carmust,Dorella Dutcher takes drug riton,Dorella Dutrie takes drug isos,Dorella Duthe takes drug risper,Dorella Dutard takes drug ketocon,Dorella Dutten takes drug melph,Dorella Dutrios takes drug nap,Dorella Dutscher takes drug g
aripiprazole,ibupro,methotrex,dulox,carbamazep,itux,hondroit,oreth,itonav,ulox,delalis,Devlin Clynmans takes drug ibupro,Devlin Clynmans takes drug methotrex,Devlin Clynmans takes drug dulox,Devlin Clynmans takes drug carbamazep,Harald Spowart takes drug ritux,Harald Spowart takes drug chondroit,Harald Spowart takes drug noreth,Harald Spowart takes drug ritonav,Harald Spowart takes drug dulox,Harald Spowart takes drug idelalis
topiramate,drug meloxicam,drug alpraz,drug pomalid,drug mitoxant,drug pravast,drug fluoxet,drug aspirin,drug dulox,drug meloxicam,drug risperidone,Germayne Bartali takes drug meloxicam,Germayne Bartali takes drug alpraz,Germayne Bartali takes drug pomalid,Germayne Bartali takes drug mitoxant,Germayne Bartali takes drug pravast,Germayne Bartali takes drug fluoxet,"Germayne Bartali takes drug aspirin.
",Germayne Bartali takes drug dulox,Wain Abrahamsson takes drug meloxicam.,Wain Abrahamsson takes drug risperidone
diazepam,g vincristine,g aspirin,drug acetaminophen,drug carbamazep,drug isosorb,drug lisdex,drug carmustine,drug clozap,drug nabumet,drug citalop,Wain Abrahamsson takes drug vincristine,"Wain Abrahamsson takes drug aspirin.
Pat",Heloise Culverhouse takes drug acetaminophen,Heloise Culverhouse takes drug carbamazep,Heloise Culverhouse takes drug isosorb,Heloise Culverhouse takes drug lisdex,Heloise Culverhouse takes drug carmustine,Heloise Culverhouse takes drug clozap,Heloise Culverhouse takes drug nabumet,Heloise Culverhouse takes drug citalop
lorazepam,flud,ristine,tumom,oxen,rabine,icit,arbamazepine,idostaurin,italopram,spirin Pat,Jerald Boar takes drug efenflud,Jerald Boar takes drug vincristine,Jerald Boar takes drug ibritumom,Jerald Boar takes drug naproxen.,Jerald Boar takes drug cytarabine,Jerald Boar takes drug emtricit,Valentin Bakes takes drug carbamazepine,Valentin Bakes takes drug midostaurin,Valentin Bakes takes drug citalopram,"Valentin Bakes takes drug aspirin.
Pat"
